Fine time information for HG/LG threshold at 520 DACu
Channel_nb fine_time_min fine_time_max 
0 23 923
1 29 932
2 22 920
3 29 925
4 30 930
5 17 909
6 30 929
7 29 926
8 21 922
9 27 921
10 28 936
11 27 935
12 20 906
13 26 919
14 27 918
15 25 916
16 26 944
17 29 938
18 25 933
19 22 926
20 19 936
21 20 930
22 16 937
23 18 935
24 10 915
25 27 930
26 23 923
27 26 931
28 19 931
29 17 930
30 18 909
31 22 946
32 6 910
33 20 918
34 19 911
35 12 905
36 10 918
37 15 910
38 11 909
39 21 917
40 11 910
41 16 901
42 9 903
43 8 901
44 16 912
45 13 911
46 24 917
47 16 918
48 19 913
49 10 896
50 15 905
51 24 902
52 21 910
53 17 909
54 11 907
55 20 917
56 16 911
57 22 913
58 23 915
59 22 905
60 12 893
61 21 898
62 22 912
63 14 904
64 17 931
65 21 937
66 23 942
67 20 941
68 12 926
69 25 943
70 27 932
71 20 928
72 38 950
73 23 927
74 18 934
75 19 932
76 28 954
77 11 927
78 26 939
79 23 927
80 8 938
81 11 927
82 8 951
83 23 949
84 20 940
85 15 925
86 15 933
87 21 938
88 8 941
89 10 917
90 14 923
91 10 940
92 18 927
93 15 916
94 13 918
95 21 923
96 13 916
97 6 918
98 7 913
99 13 918
100 8 901
101 14 904
102 9 923
103 17 918
104 8 916
105 10 907
106 6 907
107 14 913
108 8 898
109 7 901
110 16 925
111 18 928
112 37 948
113 32 958
114 35 949
115 40 948
116 34 941
117 35 952
118 30 937
119 44 952
120 31 953
121 38 936
122 40 951
123 30 934
124 30 933
125 38 942
126 35 934
127 51 971
