Pedestal charge parameters
Channel Mean_HG_ping Sigma_HG_ping Mean_HG_pong Sigma_HG_pong Mean_LG_ping Sigma_LG_ping Mean_LG_pong Sigma_LG_pong
0 67.2 2.3 63.8 2.2 73.2 1.2 74.9 1.1 
1 67.5 2.1 66.0 2.5 84.0 1.2 81.1 1.1 
2 71.3 2.0 71.0 2.3 82.9 1.3 79.2 1.2 
3 69.7 2.3 68.0 2.3 76.2 1.1 79.0 1.1 
4 66.4 2.2 70.8 2.3 74.4 1.2 72.8 1.1 
5 64.3 2.2 67.7 2.0 72.7 1.2 74.8 1.1 
6 72.0 2.0 68.9 2.1 79.8 1.1 77.1 1.1 
7 68.3 2.4 74.7 2.3 72.6 1.1 75.9 1.0 
8 71.5 2.4 75.3 2.4 79.4 1.2 75.3 1.4 
9 72.3 2.2 68.6 2.1 73.3 1.4 68.8 1.1 
10 69.1 2.2 71.5 2.3 76.6 1.1 67.7 1.2 
11 72.1 2.3 69.4 2.3 70.0 1.3 76.5 1.1 
12 69.3 2.4 64.3 2.1 79.1 1.3 72.4 1.2 
13 65.4 2.3 67.1 2.2 73.0 1.2 76.7 1.2 
14 67.2 2.2 61.7 2.2 72.6 1.2 75.8 1.1 
15 64.0 2.2 62.4 2.3 71.2 1.2 78.9 1.3 
16 76.1 2.4 81.8 2.4 84.4 1.2 84.6 1.1 
17 77.5 2.6 74.4 2.6 86.3 1.2 85.6 1.0 
18 83.4 2.5 79.9 2.4 82.7 1.3 79.7 1.2 
19 77.0 2.7 76.7 2.5 82.9 1.4 80.6 1.1 
20 77.3 2.5 68.5 2.5 80.1 1.3 77.6 1.2 
21 72.5 2.4 76.9 2.7 79.9 1.3 84.6 1.2 
22 73.7 2.7 76.2 2.5 84.0 1.2 80.5 1.1 
23 69.0 2.5 67.5 2.7 80.2 1.2 84.6 1.2 
24 79.0 2.4 78.3 2.6 86.5 1.4 88.4 1.5 
25 73.2 2.5 73.8 2.7 85.6 1.3 82.1 1.3 
26 68.6 2.4 69.4 2.4 83.7 1.2 80.4 1.2 
27 65.1 2.4 71.2 2.5 80.9 1.2 83.5 1.2 
28 74.4 2.5 68.0 2.4 79.3 1.5 81.2 1.6 
29 77.2 2.6 71.5 2.5 84.3 1.2 82.0 1.1 
30 73.2 2.6 72.1 2.6 82.8 1.2 81.5 1.2 
31 69.4 2.7 72.8 2.6 79.9 1.2 77.1 1.2 
32 58.2 2.7 57.3 2.8 68.4 1.1 71.3 1.1 
33 56.7 2.6 60.0 2.4 62.3 1.3 68.4 1.2 
34 65.2 2.5 66.8 2.4 67.2 1.2 65.3 1.1 
35 55.2 2.5 57.8 2.5 61.5 1.2 63.4 1.1 
36 58.1 2.8 65.8 2.9 63.9 1.1 61.3 1.1 
37 60.7 2.2 56.1 2.1 64.9 1.2 67.5 1.1 
38 53.9 2.3 60.4 2.3 66.9 1.2 64.7 1.1 
39 58.9 2.2 58.0 2.4 67.9 1.1 64.1 1.2 
40 55.8 2.4 60.6 2.2 64.1 1.1 67.9 1.0 
41 57.1 2.4 59.3 2.5 63.3 1.2 60.2 1.1 
42 54.8 2.8 57.8 2.7 64.6 1.2 68.3 1.1 
43 64.4 2.3 60.8 2.4 64.3 1.1 67.0 1.1 
44 62.5 2.7 63.2 2.8 63.5 1.4 66.7 1.3 
45 58.9 2.3 63.7 2.2 63.0 1.4 64.1 1.0 
46 57.5 2.5 59.5 2.3 73.4 1.3 67.2 1.3 
47 56.6 2.2 61.6 2.3 64.3 1.3 66.2 1.1 
48 80.2 2.0 79.8 2.0 89.8 1.3 84.4 1.0 
49 80.6 2.1 81.3 2.1 90.2 1.2 88.2 1.1 
50 82.3 2.1 72.3 2.0 86.6 1.2 83.1 1.4 
51 79.5 2.3 76.5 2.2 81.8 1.3 83.4 1.1 
52 79.1 2.3 80.1 2.0 84.6 1.2 87.2 1.0 
53 78.8 2.0 81.2 2.3 80.0 1.4 84.0 1.0 
54 78.7 2.3 78.0 2.1 78.6 1.2 76.8 1.2 
55 78.6 2.4 79.5 2.1 82.1 1.4 86.3 1.3 
56 80.0 1.9 76.2 1.9 81.2 1.2 83.9 1.1 
57 80.9 2.1 76.7 2.0 85.6 1.3 80.2 1.1 
58 79.3 2.1 82.3 2.0 79.7 1.2 85.0 1.2 
59 77.3 2.3 79.8 2.2 81.9 1.3 80.6 1.1 
60 69.8 2.2 72.2 2.2 84.0 1.1 81.6 1.1 
61 75.1 2.2 76.5 2.2 85.0 1.1 86.8 1.1 
62 77.0 2.3 79.9 2.4 78.1 1.3 82.5 1.4 
63 73.2 2.5 75.0 2.4 82.2 1.3 82.8 1.1 
64 83.5 2.0 78.6 2.1 82.2 1.2 84.8 1.3 
65 81.8 2.2 77.7 2.1 83.5 1.2 80.8 1.1 
66 80.6 2.1 75.8 2.1 79.7 1.1 77.4 1.1 
67 80.9 2.3 84.0 2.1 82.9 1.2 77.5 1.3 
68 81.3 2.1 81.1 2.3 77.0 1.1 80.5 1.4 
69 84.7 2.1 78.7 2.3 80.7 1.1 90.0 1.2 
70 83.8 2.2 82.2 2.0 85.7 1.1 87.1 1.0 
71 76.5 2.1 71.5 2.1 83.1 1.2 81.5 1.1 
72 81.5 2.2 79.5 2.3 83.5 1.2 79.8 1.2 
73 83.7 2.0 81.2 2.0 84.6 1.1 84.3 1.0 
74 72.2 2.4 75.1 2.2 82.2 1.2 80.1 1.2 
75 75.7 2.3 78.2 2.2 84.8 1.1 80.1 1.2 
76 74.7 2.2 80.1 2.2 80.1 1.2 76.7 1.1 
77 76.8 2.4 79.0 2.3 83.6 1.2 81.7 1.1 
78 75.2 2.1 79.5 2.0 83.8 1.1 78.4 1.3 
79 79.8 2.3 74.2 2.1 84.0 1.1 80.8 1.0 
80 53.7 4.0 53.5 4.1 63.7 1.2 59.5 1.4 
81 54.0 2.5 54.2 2.5 56.4 1.2 60.3 1.1 
82 56.6 3.1 53.1 3.2 60.0 1.2 63.3 1.1 
83 56.3 2.3 53.3 2.3 57.2 1.4 54.1 1.2 
84 56.4 2.5 58.7 2.5 58.3 1.3 56.9 1.0 
85 57.2 2.2 61.3 2.4 53.9 1.3 55.8 1.1 
86 56.4 2.3 57.6 2.6 67.7 1.2 57.5 1.4 
87 52.8 2.2 48.1 2.2 54.8 1.4 58.0 1.3 
88 55.5 2.4 56.5 2.5 60.1 1.2 51.1 1.3 
89 60.1 2.2 59.5 2.3 62.5 1.2 61.1 1.1 
90 51.5 2.2 57.1 2.3 59.5 1.3 56.9 1.0 
91 56.7 2.3 55.6 2.3 55.6 1.2 59.8 1.1 
92 55.9 2.4 51.9 2.3 57.2 1.5 54.5 1.4 
93 55.6 2.2 57.3 2.3 60.5 1.1 58.0 1.0 
94 54.7 2.1 52.7 2.2 55.6 1.1 53.8 1.1 
95 52.0 2.2 58.0 2.2 61.3 1.3 58.0 1.2 
96 83.2 2.0 84.4 1.9 94.2 1.2 98.2 1.4 
97 89.6 2.0 91.3 2.1 91.3 1.2 88.7 1.0 
98 95.1 2.1 98.5 1.9 95.0 1.2 90.3 1.5 
99 90.0 2.2 92.9 2.1 96.6 1.1 97.6 1.4 
100 91.9 2.2 91.4 2.1 94.1 1.4 86.9 1.2 
101 94.2 2.2 91.6 2.2 93.1 1.2 96.0 1.0 
102 95.6 2.2 97.3 2.0 96.8 1.1 97.0 1.1 
103 81.6 2.1 87.8 2.1 91.0 1.2 88.9 1.1 
104 86.5 2.1 92.1 2.0 93.0 1.3 97.9 1.3 
105 89.8 2.1 89.2 2.1 92.5 1.2 95.4 1.0 
106 90.0 2.1 86.7 2.1 93.2 1.2 95.2 1.1 
107 94.9 2.2 92.7 2.2 97.4 1.2 90.6 1.2 
108 90.2 2.0 87.4 2.0 97.6 1.2 96.9 1.1 
109 88.1 2.0 92.9 2.2 99.5 1.1 95.3 1.4 
110 91.8 2.0 89.1 2.1 94.9 1.2 91.0 1.4 
111 88.2 2.0 91.9 2.0 91.8 1.2 88.1 1.2 
112 78.2 2.2 80.0 2.3 82.3 1.3 83.7 1.1 
113 72.8 2.1 76.8 2.1 78.9 1.4 83.6 1.1 
114 74.8 2.3 76.3 2.3 89.8 1.3 79.4 1.2 
115 70.0 2.3 74.7 2.3 84.7 1.2 79.8 1.2 
116 76.8 2.3 80.2 2.2 84.8 1.2 79.1 1.4 
117 78.3 2.3 78.0 2.2 87.5 1.3 81.2 1.1 
118 81.4 2.1 74.2 2.3 83.2 1.2 81.2 1.1 
119 68.2 2.4 72.7 2.4 82.8 1.3 80.8 1.1 
120 75.3 2.3 78.0 2.2 84.1 1.2 78.2 1.5 
121 73.8 2.3 77.6 2.4 78.1 1.4 75.5 1.3 
122 84.3 2.3 77.2 2.4 86.1 1.2 80.0 1.2 
123 79.2 2.3 81.1 2.2 82.7 1.2 83.0 1.1 
124 74.7 2.1 76.0 2.2 80.7 1.2 82.7 1.1 
125 74.5 2.3 75.6 2.2 77.7 1.2 78.5 1.2 
126 75.9 2.2 76.3 2.3 78.1 1.3 79.5 1.1 
127 78.1 2.2 77.3 2.1 80.0 1.4 79.8 1.1 
