Fine time information for HG/LG threshold at 520 DACu
Channel_nb fine_time_min fine_time_max 
0 12 919
1 7 918
2 16 921
3 12 920
4 9 918
5 12 928
6 15 923
7 13 910
8 14 932
9 16 927
10 15 935
11 13 927
12 16 996
13 9 909
14 14 905
15 22 922
16 12 911
17 13 908
18 15 911
19 15 916
20 19 969
21 11 931
22 9 896
23 24 968
24 16 912
25 20 926
26 13 993
27 21 913
28 18 919
29 16 911
30 23 932
31 20 915
32 8 987
33 24 994
34 12 917
35 22 973
36 19 973
37 13 999
38 11 939
39 15 996
40 14 918
41 20 920
42 7 932
43 18 912
44 20 994
45 20 985
46 15 914
47 15 926
48 7 918
49 7 906
50 6 885
51 15 929
52 7 912
53 9 915
54 6 913
55 6 927
56 10 911
57 6 915
58 10 911
59 8 921
60 9 912
61 9 919
62 6 921
63 8 934
64 7 932
65 6 923
66 6 910
67 6 914
68 6 904
69 6 896
70 7 909
71 6 901
72 6 922
73 8 928
74 6 910
75 6 915
76 7 919
77 7 917
78 8 915
79 7 968
80 7 926
81 17 930
82 15 915
83 10 908
84 12 915
85 12 916
86 6 930
87 11 921
88 15 924
89 15 920
90 22 921
91 24 935
92 12 924
93 19 928
94 14 921
95 19 940
96 17 929
97 20 928
98 16 945
99 19 929
100 16 933
101 13 925
102 6 938
103 12 935
104 9 932
105 15 919
106 7 931
107 11 919
108 26 942
109 22 940
110 17 925
111 11 928
112 10 970
113 12 919
114 10 921
115 14 924
116 10 912
117 7 912
118 18 914
119 14 920
120 10 911
121 15 919
122 13 908
123 21 925
124 20 917
125 22 943
126 21 926
127 14 967
