Charge Calibration parameters for Preamplifier Gain of 20
Channel P1_HG_ping P1_err_HG_ping P0_HG_ping P0_err_HG_ping chi2_HG_ping P1_HG_pong P1_err_HG_pong P0_HG_pong P0_err_HG_pong chi2_HG_pong Entries_LG_ping P1_LG_ping Entries_LG_pong P1_LG_pong 
 0  111.7  1.1  0.7  1.0  7.9  121.7  2.1  -0.5  1.8  24.9  6106  13.9875  6108  12.7702 
 1  131.2  2.8  -9.3  2.4  42.3  141.4  2.4  -10.0  1.6  7.4  3098  13.7977  3181  13.2609 
 2  116.3  3.4  4.0  2.8  66.3  117.9  2.1  -6.0  1.8  22.9  452  14.0696  495  13.5158 
 3  124.2  2.9  -3.4  2.6  51.6  124.5  2.1  -3.8  1.9  27.8  4014  13.9419  3955  12.927 
 4  113.8  3.2  5.5  3.4  93.9  120.5  1.5  -1.5  1.6  19.2  5959  12.7796  5961  12.5344 
 5  121.9  3.8  0.6  2.6  55.9  124.0  1.4  -5.7  1.0  6.6  6150  13.0722  6155  12.9265 
 6  116.9  1.9  2.0  1.5  19.2  126.4  1.3  -4.6  1.0  7.5  0 0 0 0
 7  124.1  2.7  -3.2  3.3  88.1  117.5  3.1  0.5  3.2  46.9  279  13.6987  292  13.5053 
 8  120.9  5.5  -1.6  3.7  102.2  121.5  3.4  -4.9  2.4  38.6  0 0 0 0
 9  126.0  2.1  -7.5  1.8  21.8  118.4  1.5  0.7  1.3  12.0  4528  13.536  4548  13.1943 
 10  119.7  2.4  -4.6  2.5  49.8  123.1  1.1  -1.0  1.2  10.6  6218  12.9218  6226  13.2451 
 11  116.2  3.1  1.0  2.4  46.4  123.6  1.6  -2.7  1.2  11.2  0 0 0 0
 12  126.6  5.8  -4.4  3.8  103.0  124.2  2.3  -2.0  1.5  15.6  0 0 0 0
 13  118.3  1.3  2.2  0.8  5.0  118.3  1.5  -2.4  1.0  6.6  6129  13.48  6131  13.9929 
 14  123.0  3.6  -8.1  3.0  62.1  123.1  4.0  -3.9  3.1  70.7  0 0 0 0
 15  125.4  2.0  -7.3  1.8  25.1  121.7  2.5  -2.3  2.4  44.0  845  13.034  813  14.4013 
 16  130.1  3.8  4.8  4.5  173.4  119.3  2.9  1.0  3.7  108.1  4505  13.8114  4548  13.3145 
 17  135.2  3.3  -11.1  4.1  125.0  132.9  6.3  2.5  7.5  441.1  1068  14.1023  1117  13.514 
 18  127.1  1.5  -4.6  1.5  18.3  127.5  2.5  -0.5  2.5  50.3  417  13.2887  422  13.3176 
 19  125.4  2.1  2.1  2.0  30.6  125.0  0.7  2.8  0.6  3.0  0 0 0 0
 20  133.0  5.6  -3.6  4.4  154.8  130.4  3.7  -6.3  3.1  65.9  519  13.753  478  14.2815 
 21  123.7  2.6  -1.1  2.9  68.8  127.9  3.1  10.7  3.0  78.7  4140  14.3478  4112  13.398 
 22  120.0  4.4  4.5  4.0  133.7  126.3  0.7  3.9  0.6  2.6  0  0  0  0 
 23  129.9  4.5  -2.0  3.2  79.1  126.6  2.9  -0.4  2.1  30.5  0 0 0 0
 24  129.4  2.1  0.1  2.7  55.4  133.0  3.5  -2.4  4.4  143.0  6177  13.8324  6165  13.5241 
 25  122.5  1.8  6.9  2.4  49.2  121.9  1.3  1.9  1.8  26.8  5816  13.7628  5789  13.6863 
 26  126.0  1.9  -1.1  2.0  29.0  129.7  2.5  0.8  2.4  44.8  0  0  0  0 
 27  135.4  4.5  -7.0  3.8  105.6  128.5  4.9  -1.9  4.2  123.9  6140  13.9176  6155  13.8164 
 28  131.5  3.0  -2.3  3.6  102.7  125.8  1.9  4.9  2.3  43.0  1364  13.4715  1324  14.3693 
 29  126.4  1.9  3.0  1.3  12.6  126.9  5.0  4.3  3.4  83.4  0 0 0 0
 30  128.8  2.7  -4.2  2.0  27.6  119.3  5.1  1.6  3.5  79.3  0 0 0 0
 31  130.9  5.9  -3.0  5.9  142.3  120.9  3.4  0.6  3.4  84.5  4649  14.4009  4663  13.4745 
 32  133.2  2.4  0.6  2.1  32.3  126.2  2.2  0.2  2.0  27.9  0 0 0 0
 33  126.1  3.3  -0.9  4.3  155.7  124.7  2.2  1.7  3.0  70.9  0 0 0 0
 34  122.4  17.8  14.4  28.3  4910.6  131.9  6.1  4.1  9.5  426.3  339  14.569  320  12.1727 
 35  130.2  2.7  0.1  2.5  47.9  126.7  3.8  2.7  3.6  77.0  0 0 0 0
 36  131.3  5.2  -1.8  7.9  292.6  139.9  7.6  -13.4  15.0  1098.4  1096  13.9417  1173  12.4118 
 37  125.9  2.6  -0.6  4.0  44.4  136.4  5.0  -6.1  8.8  269.3  5998  14.0765  5996  13.6485 
 38  122.0  4.3  8.0  7.5  105.8  139.6  5.3  -12.2  7.9  482.2  1094  12.8428  1137  12.905 
 39  124.0  2.6  4.5  2.9  67.4  125.6  1.1  -8.2  1.3  11.7  529  13.2461  558  12.2339 
 40  127.0  1.3  -1.6  1.7  22.6  123.1  0.5  0.4  0.6  3.0  0 0 0 0
 41  124.1  1.4  -2.2  1.1  8.6  130.9  6.1  -1.5  4.7  156.4  0 0 0 0
 42  133.4  2.9  -0.7  3.9  127.6  133.1  5.0  -2.3  6.6  382.8  0 0 0 0
 43  126.7  1.9  2.4  2.4  46.6  131.6  0.8  -2.2  1.0  8.0  0 0 0 0
 44  125.6  2.5  -1.0  2.6  54.3  125.6  4.8  -0.9  5.1  206.7  0 0 0 0
 45  134.2  5.7  -4.1  7.6  449.7  129.1  1.8  -4.5  2.5  48.3  5995  14.3297  5989  13.4752 
 46  129.2  2.5  -4.0  3.2  81.2  123.7  2.1  -1.1  2.6  53.4  4629  13.7502  4664  13.4625 
 47  133.6  5.6  -5.0  7.5  459.1  141.5  6.8  -19.6  9.3  606.5  467  13.7157  437  13.8094 
 48  129.3  2.8  1.7  4.5  162.1  126.6  1.7  7.1  2.7  60.9  6033  14.0616  6036  13.7275 
 49  133.5  4.2  0.2  5.6  269.3  127.3  1.0  2.4  1.3  15.0  2512  13.3287  2397  14.6832 
 50  127.1  2.2  2.6  3.1  88.8  124.2  1.5  5.8  2.1  39.2  2394  14.2706  2425  14.2302 
 51  133.1  1.8  -5.4  3.1  41.4  124.0  2.8  7.9  4.5  167.3  3323  12.4581  3332  12.4485 
 52  134.9  1.7  -6.3  2.3  40.7  125.1  2.1  5.3  2.8  65.6  4920  13.6095  4907  14.0141 
 53  126.4  0.9  11.1  1.2  12.5  126.2  2.2  -2.5  3.0  75.2  377  14.4365  410  13.7611 
 54  126.0  1.4  3.9  1.6  20.3  129.8  0.6  1.0  0.7  3.2  6131  13.8592  6137  14.1437 
 55  128.4  3.9  7.1  5.1  214.1  123.5  2.9  6.8  3.8  119.4  0  0  0  0 
 56  128.0  4.7  1.5  7.6  495.2  139.5  6.1  0.3  10.4  518.5  796  13.925  818  15.0275 
 57  124.8  1.4  4.7  1.7  24.3  129.6  1.5  -0.7  1.2  2.9  6116  13.7645  6091  13.6637 
 58  128.8  3.9  0.3  6.8  385.1  133.1  3.6  -4.2  6.4  201.7  6363  12.8853  6327  12.7849 
 59  129.2  1.7  3.6  2.3  45.5  125.7  1.7  0.4  2.5  48.5  5343  13.7171  5398  14.297 
 60  123.5  6.5  8.6  10.4  79.0  119.6  5.1  5.9  9.6  468.0  6136  13.3849  6144  13.7326 
 61  126.9  1.8  1.8  2.5  52.8  128.9  0.4  1.1  0.5  2.0  0 0 0 0
 62  127.3  1.0  -0.5  1.3  12.8  124.2  2.0  3.8  2.6  54.0  438  13.604  432  14.2612 
 63  128.8  1.4  0.4  1.6  18.7  123.5  1.6  4.9  1.8  24.7  390  14.5187  375  15.0514 
 64  125.6  1.3  0.3  0.9  7.2  131.7  5.4  -1.7  3.1  41.9  0 0 0 0
 65  121.2  2.0  2.6  1.5  18.4  112.2  3.6  7.4  2.8  63.5  2144  14.6576  2168  13.5056 
 66  128.3  1.2  -2.0  0.8  5.5  124.6  1.8  8.0  1.1  11.2  0 0 0 0
 67  113.1  1.7  4.7  1.3  13.2  134.6  4.3  -5.3  3.1  74.1  0 0 0 0
 68  128.5  1.6  -0.1  1.2  10.8  124.6  3.3  -1.5  2.4  46.6  5568  13.5733  5554  13.6654 
 69  122.1  4.2  2.0  2.6  49.9  124.2  2.4  -1.4  1.5  16.6  0 0 0 0
 70  124.1  0.6  -1.0  0.4  1.0  128.4  1.4  4.1  0.8  5.0  6142  14.2234  6139  13.8668 
 71  129.1  2.7  -1.4  2.0  32.5  127.4  2.1  -0.6  1.6  20.4  6218  14.0511  6203  14.0851 
 72  123.4  2.5  5.5  1.8  27.8  132.2  3.5  -3.7  2.5  45.8  996  14.1349  1076  13.8402 
 73  129.0  1.3  -0.9  0.8  5.2  129.6  2.0  -0.5  1.3  13.5  6171  13.9865  6180  14.0633 
 74  126.7  3.1  -0.9  2.0  32.3  129.5  5.6  -0.4  3.6  104.3  0 0 0 0
 75  126.9  2.6  2.4  1.9  29.0  130.0  3.7  -1.1  2.7  57.2  4659  14.9925  4634  14.7164 
 76  124.7  3.6  1.5  2.5  50.2  116.9  4.2  4.6  2.8  64.8  2369  14.1543  2268  14.4186 
 77  123.3  1.7  1.0  1.2  12.8  130.3  2.4  -2.5  1.7  23.0  6215  14.319  6183  14.5462 
 78  129.2  1.6  -0.5  0.7  4.2  120.9  5.6  -2.8  2.8  55.9  6142  14.5198  6140  13.7567 
 79  124.6  0.8  1.1  0.5  2.1  129.6  3.5  -6.8  2.4  40.6  1058  13.6052  1111  13.9235 
 80  127.5  2.0  0.6  1.6  22.1  129.1  0.5  1.1  0.4  1.2  0 0 0 0
 81  130.4  1.7  -2.8  1.1  10.8  127.8  1.3  -4.3  0.9  6.4  3401  13.364  3397  13.4984 
 82  127.6  2.3  1.6  1.8  25.2  125.3  6.6  4.1  5.1  208.7  0  0  0  0 
 83  127.7  1.8  3.3  1.6  23.5  128.3  1.7  -4.9  1.7  22.0  0  0  0  0 
 84  130.1  2.8  -3.0  2.8  66.6  125.1  2.5  1.9  2.0  19.5  635  13.446  675  13.7842 
 85  123.7  2.2  0.6  2.1  36.7  120.2  3.1  2.2  2.4  26.3  0 0 0 0
 86  123.5  2.1  2.5  1.5  19.5  124.4  2.8  -5.1  2.2  35.8  6157  14.6155  6163  13.8479 
 87  126.2  2.1  2.5  2.3  45.0  120.6  3.8  4.6  4.2  150.9  0 0 0 0
 88  127.2  4.7  -3.8  3.3  91.5  129.2  3.1  -1.0  2.2  38.2  0 0 0 0
 89  129.4  2.0  -1.1  1.9  29.9  125.6  1.0  1.4  0.9  7.2  4365  13.9002  4422  13.9599 
 90  130.7  3.9  -1.7  3.7  87.1  128.9  2.2  -3.7  1.8  13.5  0 0 0 0
 91  127.9  2.6  0.8  2.3  41.2  127.0  2.0  0.5  1.7  24.3  0 0 0 0
 92  122.2  3.3  -2.3  3.6  100.7  121.9  2.4  6.8  2.0  18.7  3021  14.4435  2963  13.3066 
 93  129.7  4.1  -4.9  2.8  63.5  134.4  2.1  -4.1  1.2  5.7  0 0 0 0
 94  135.4  6.4  -3.1  5.4  219.3  130.3  2.0  -2.9  1.8  23.4  0 0 0 0
 95  116.8  3.7  6.4  3.5  103.1  131.4  4.2  -1.1  3.8  113.6  442  13.8901  447  15.3548 
 96  132.6  3.2  -5.2  2.1  34.2  125.2  5.2  3.2  3.1  85.5  5838  13.8167  5869  13.0604 
 97  117.5  5.5  0.2  3.5  88.0  120.7  5.6  3.1  3.4  96.0  0 0 0 0
 98  124.8  1.8  -1.6  1.0  8.7  127.9  2.2  -0.3  1.2  12.6  0 0 0 0
 99  124.5  1.4  0.7  1.2  12.2  124.4  1.1  1.2  1.0  7.9  0 0 0 0
 100  123.8  3.3  1.0  2.0  32.9  113.1  3.6  2.2  2.2  38.9  0 0 0 0
 101  124.5  1.8  1.4  1.2  12.5  122.2  3.7  2.1  2.5  49.6  0 0 0 0
 102  122.4  3.8  -0.5  2.7  63.9  124.5  1.1  1.5  0.7  4.5  0 0 0 0
 103  124.3  2.7  3.6  1.6  22.9  125.7  3.8  -3.1  2.5  42.0  6144  13.75  6148  13.5073 
 104  122.3  1.4  1.6  0.9  6.2  120.6  3.0  3.1  1.8  27.0  4112  13.799  4086  12.4939 
 105  127.8  3.2  -5.0  2.2  38.6  134.4  7.6  0.9  4.8  186.8  0 0 0 0
 106  122.4  1.9  1.1  1.5  17.4  127.1  2.7  1.9  2.0  33.0  6170  13.4604  6178  13.5402 
 107  124.0  1.5  -1.9  1.2  11.7  125.9  3.0  3.7  2.3  46.7  0 0 0 0
 108  123.5  2.1  0.2  1.6  19.9  122.0  2.0  1.9  1.4  15.8  0 0 0 0
 109  130.9  4.1  -4.0  2.7  58.6  125.3  3.3  0.9  2.2  37.0  0 0 0 0
 110  113.1  5.1  2.8  4.2  143.4  128.2  3.0  -1.0  2.4  43.3  6170  13.749  6185  13.3168 
 111  134.4  4.5  -4.4  3.1  73.6  123.4  4.3  4.5  2.9  69.7  0 0 0 0
 112  123.6  2.6  5.4  1.7  23.9  122.8  3.1  0.7  2.1  34.6  5978  12.5152  5999  12.7955 
 113  123.0  3.4  4.2  3.6  62.9  118.9  4.8  3.7  6.5  362.2  6168  13.0042  6145  13.268 
 114  121.2  0.7  0.6  0.6  3.1  121.4  1.3  3.1  1.1  11.1  600  12.2189  596  12.7196 
 115  127.8  3.8  -1.9  3.9  73.2  123.0  1.1  2.3  1.4  15.8  6085  13.333  6086  13.4969 
 116  124.5  4.9  0.4  3.7  119.3  121.8  3.1  -0.5  2.3  41.1  6191  13.3048  6205  13.0759 
 117  122.5  1.3  3.5  1.6  22.2  117.6  1.8  10.3  2.2  40.5  6180  13.6862  6168  13.5185 
 118  119.4  4.1  2.9  3.0  76.6  126.5  3.9  -5.9  2.8  59.3  0  0  0  0 
 119  114.6  1.9  8.8  1.9  29.1  118.1  3.9  0.2  4.0  119.3  6157  13.3936  6145  13.8311 
 120  122.5  2.6  -0.6  1.4  9.6  121.4  6.6  2.1  4.4  157.4  2649  14.5241  2647  12.3783 
 121  115.3  2.1  3.9  1.7  23.5  118.9  2.8  4.9  2.2  42.5  6137  13.7224  6162  14.0241 
 122  126.3  2.7  -0.6  2.3  44.2  123.7  2.5  0.8  2.1  35.5  6157  13.6139  6147  13.5233 
 123  117.4  4.8  3.1  4.1  141.6  117.3  1.3  0.8  1.1  9.4  5418  14.6595  5506  14.4878 
 124  122.8  3.3  -3.3  2.7  56.7  130.2  2.6  -1.7  2.0  32.1  2542  13.3658  2500  14.0646 
 125  122.1  2.7  1.1  3.1  78.7  124.5  1.3  0.6  1.5  17.7  5875  14.2498  5878  13.4272 
 126  117.4  1.3  2.4  1.2  11.4  121.7  2.4  2.5  2.2  41.5  713  14.3544  738  13.8131 
 127  131.1  5.1  -6.8  6.0  278.1  125.9  1.4  -2.1  1.6  21.3  2310  13.4842  2382  12.9723 
