Fine time information for HG/LG threshold at 520 DACu
Channel_nb fine_time_min fine_time_max 
0 6 994
1 8 999
2 7 993
3 5 991
4 13 995
5 6 992
6 17 992
7 7 994
8 5 993
9 6 991
10 7 992
11 8 993
12 13 996
13 6 995
14 10 998
15 11 992
16 5 999
17 7 999
18 5 998
19 5 998
20 8 999
21 7 998
22 11 981
23 6 998
24 5 999
25 7 999
26 5 996
27 20 999
28 15 999
29 31 993
30 7 999
31 15 999
32 6 992
33 11 981
34 16 983
35 9 936
36 6 954
37 11 986
38 6 981
39 10 998
40 6 936
41 7 965
42 5 985
43 9 999
44 8 958
45 10 923
46 13 930
47 11 998
48 6 996
49 7 996
50 6 984
51 5 973
52 8 927
53 12 939
54 7 998
55 12 927
56 16 996
57 7 926
58 19 935
59 6 914
60 5 910
61 17 932
62 9 918
63 10 997
64 17 930
65 20 925
66 25 934
67 33 924
68 31 930
69 23 913
70 33 942
71 21 923
72 33 926
73 30 922
74 32 927
75 21 936
76 18 921
77 26 921
78 28 911
79 25 984
80 43 933
81 48 936
82 45 937
83 39 932
84 35 920
85 39 939
86 47 953
87 38 947
88 35 928
89 35 917
90 38 924
91 41 924
92 32 930
93 33 930
94 50 936
95 43 928
96 22 947
97 20 950
98 14 932
99 25 939
100 15 936
101 14 936
102 15 936
103 16 935
104 12 929
105 20 928
106 7 929
107 16 933
108 9 925
109 7 924
110 14 935
111 16 936
112 37 937
113 44 934
114 26 921
115 52 946
116 36 929
117 23 906
118 41 943
119 7 926
120 30 923
121 33 941
122 36 937
123 39 919
124 29 940
125 35 925
126 27 930
127 35 948
