Charge Calibration parameters for Preamplifier Gain of 20
Channel P1_HG_ping P1_err_HG_ping P0_HG_ping P0_err_HG_ping chi2_HG_ping P1_HG_pong P1_err_HG_pong P0_HG_pong P0_err_HG_pong chi2_HG_pong Entries_LG_ping P1_LG_ping Entries_LG_pong P1_LG_pong 
 0  123.4  2.9  -6.2  2.7  53.8  124.5  1.9  2.9  1.7  22.2  6002  14.4833  6012  13.9073 
 1  121.0  3.9  -2.8  3.3  79.8  142.7  3.5  -8.1  2.3  16.0  3398  13.8206  3484  14.6897 
 2  120.7  2.2  4.6  1.8  28.2  116.7  3.9  -3.3  3.3  80.8  695  13.5087  667  14.01 
 3  124.1  2.7  1.4  2.4  45.1  125.8  2.1  -3.4  1.9  26.8  4413  13.5554  4389  13.6082 
 4  122.6  3.1  2.3  3.3  91.0  123.2  1.5  0.1  1.6  19.2  6023  13.501  6058  13.2815 
 5  126.8  4.0  2.5  2.8  60.9  128.2  1.7  -8.0  1.3  10.5  6031  13.7153  6015  13.5345 
 6  123.6  1.1  1.5  0.9  6.4  127.3  2.7  -2.0  2.2  33.5  0 0 0 0
 7  130.7  3.0  -9.5  3.6  105.2  121.1  1.9  0.9  2.0  17.4  326  13.4572  326  13.6028 
 8  137.4  2.1  -0.1  1.4  14.3  128.1  2.7  -6.3  1.9  24.3  0 0 0 0
 9  129.4  1.2  -8.4  1.0  6.6  125.1  2.4  3.6  2.0  30.0  4756  14.0029  4815  14.5873 
 10  124.6  2.3  -2.2  2.5  47.1  124.3  1.4  -1.7  1.5  16.5  6109  13.7581  6105  14.13 
 11  119.4  3.3  -1.0  2.6  53.9  125.0  3.4  3.5  2.6  50.6  0 0 0 0
 12  130.3  5.0  0.2  3.3  77.1  129.9  2.2  -3.8  1.5  15.4  0 0 0 0
 13  125.8  0.7  1.4  0.4  1.3  125.9  1.8  -3.5  1.2  9.4  6008  14.2956  6011  14.3807 
 14  122.7  2.9  -4.8  2.4  38.8  124.7  4.3  0.8  3.4  81.9  0 0 0 0
 15  127.6  3.5  -4.0  3.2  79.1  120.1  2.8  0.5  2.6  54.0  1226  13.2971  1265  14.4014 
 16  119.8  3.7  6.0  4.4  166.1  114.3  4.3  1.5  5.5  237.6  4618  13.6187  4692  13.5175 
 17  126.4  0.8  -6.6  1.0  8.0  127.5  3.8  2.7  4.5  162.6  1227  13.5073  1230  13.6882 
 18  119.2  2.3  -2.0  2.4  43.2  120.3  1.5  1.1  1.6  19.5  434  12.1883  440  13.8189 
 19  115.8  1.9  6.8  1.8  25.4  119.7  0.5  -0.5  0.5  1.6  0 0 0 0
 20  120.6  2.7  3.5  2.1  35.7  122.5  5.2  -3.6  4.3  133.1  630  12.6648  630  13.3606 
 21  119.5  2.5  -6.5  2.7  58.9  126.6  1.3  5.8  1.3  14.1  4157  13.8117  4126  14.215 
 22  109.8  3.9  6.9  3.5  103.8  125.7  2.9  3.0  2.5  48.9  212  13.3105  210  13.8098 
 23  120.1  4.2  1.1  3.0  68.6  124.3  2.4  -1.1  1.7  21.6  0 0 0 0
 24  127.6  5.8  -4.7  7.5  424.6  126.3  3.4  -5.2  4.2  133.3  6049  13.8763  6031  13.5435 
 25  117.8  1.0  5.3  1.3  14.7  117.9  2.0  2.1  2.7  59.6  5718  14.0624  5712  13.8175 
 26  116.3  4.5  0.2  4.5  154.2  120.1  2.7  4.5  2.6  52.5  0  0  0  0 
 27  122.9  3.0  -0.7  2.6  48.0  122.4  3.4  1.0  2.9  61.4  6012  14.2327  6012  14.3635 
 28  126.8  5.0  -0.8  6.0  278.9  117.0  3.8  5.7  4.6  167.1  1561  13.7505  1556  13.0408 
 29  117.3  3.3  0.7  2.3  39.7  121.7  4.6  5.9  3.0  68.0  0 0 0 0
 30  120.8  4.3  -0.4  3.1  70.2  124.3  2.9  -2.7  2.0  25.6  0 0 0 0
 31  114.0  3.0  8.6  2.8  62.3  117.8  3.1  -2.1  3.0  68.2  4857  14.6444  4902  13.891 
 32  127.1  1.6  -5.3  1.4  15.1  120.0  1.5  3.3  1.3  12.9  0 0 0 0
 33  121.2  2.0  1.7  2.6  57.6  119.7  2.5  6.6  3.3  86.4  0 0 0 0
 34  122.3  10.4  -0.3  16.0  2143.8  135.0  4.4  -10.1  6.4  324.5  394  13.8612  396  11.5895 
 35  128.0  2.7  -1.3  2.6  49.8  122.6  3.6  3.2  3.5  71.6  0 0 0 0
 36  135.3  8.1  -11.5  12.2  694.3  125.2  5.4  -0.2  10.1  835.2  1295  13.3419  1226  12.4963 
 37  122.6  3.6  3.5  6.5  346.3  119.9  3.0  2.6  5.2  219.9  5888  14.1598  5888  13.8244 
 38  123.1  2.6  1.0  3.9  121.4  121.6  4.1  3.2  6.1  286.1  1060  12.931  1100  13.7591 
 39  123.8  0.9  -0.0  1.0  8.3  124.4  3.5  -6.5  4.1  119.1  533  13.4534  519  12.3572 
 40  125.8  1.7  -1.8  2.2  37.9  123.1  0.5  -0.5  0.6  2.6  0 0 0 0
 41  125.9  1.7  -3.9  1.4  13.8  135.5  6.2  -4.2  4.8  163.9  0 0 0 0
 42  120.7  1.5  3.0  2.0  34.4  121.9  5.8  9.3  7.6  502.2  0 0 0 0
 43  124.1  2.0  2.1  2.5  51.2  125.8  1.3  -3.7  1.6  20.9  0 0 0 0
 44  123.6  1.4  2.2  1.5  17.0  121.7  3.6  0.7  3.9  119.3  0 0 0 0
 45  132.5  3.2  -8.7  4.2  138.8  128.7  1.9  -3.2  2.6  54.2  5889  14.2556  5868  14.1827 
 46  123.6  1.0  -2.2  1.3  12.7  124.6  2.3  0.3  2.9  66.9  4869  14.6546  4873  13.3321 
 47  126.9  3.6  -1.4  4.8  184.7  128.4  2.9  -4.2  3.9  109.3  494  13.8002  515  13.2281 
 48  118.9  3.3  1.7  5.4  235.1  114.5  2.6  5.3  4.3  154.2  5961  13.3237  5967  13.0792 
 49  124.9  3.8  -2.1  5.1  223.5  114.1  2.2  7.9  3.0  74.8  3085  12.2735  3081  13.4198 
 50  109.8  3.8  12.9  5.4  261.0  114.8  1.8  3.7  2.6  59.4  2950  12.9841  2915  13.0807 
 51  118.3  1.8  4.9  2.8  64.6  117.4  1.3  -2.1  2.1  34.9  6058  12.575  6069  12.4465 
 52  113.8  3.8  6.0  5.2  208.8  117.1  1.7  5.8  2.3  41.7  5190  12.9278  5181  13.5702 
 53  118.5  1.0  10.5  1.3  14.6  121.6  1.8  -0.1  2.5  50.1  572  13.1376  602  13.0752 
 54  116.4  1.6  0.1  1.8  25.7  119.0  0.8  0.9  0.9  6.6  6011  13.3526  6073  13.9061 
 55  118.4  2.8  3.5  3.7  113.3  112.1  1.4  9.5  1.9  30.5  313  12.8106  320  13.9276 
 56  125.6  2.3  -1.6  3.7  116.2  126.2  2.4  -6.2  3.9  122.9  1043  12.7753  1032  13.284 
 57  120.5  1.0  -1.5  1.3  12.7  123.5  2.3  1.8  1.9  7.5  6004  13.7  5993  13.4243 
 58  117.9  1.2  3.0  2.1  36.2  122.2  4.3  -0.0  7.2  428.9  6258  13.1031  6225  13.0374 
 59  119.8  1.2  3.6  1.7  24.4  117.7  1.4  -1.4  2.0  30.8  5543  13.3704  5591  13.9043 
 60  115.0  2.7  6.6  3.6  59.6  113.2  2.2  3.6  4.0  132.2  6017  13.3198  6019  13.4741 
 61  112.5  2.3  4.9  3.2  84.0  119.3  0.7  -1.3  0.9  6.9  0 0 0 0
 62  120.0  1.0  -1.9  1.3  13.3  122.2  3.2  -2.7  4.2  143.3  711  12.5117  707  12.3748 
 63  119.9  1.1  -1.4  1.2  12.1  117.5  1.6  3.3  1.8  24.7  601  13.4811  624  13.4533 
 64  124.5  1.8  -1.8  1.3  13.6  128.0  7.0  3.1  4.0  71.7  0 0 0 0
 65  125.2  3.4  -0.9  2.6  55.4  121.3  1.8  2.1  1.4  15.7  2643  13.5342  2579  13.2647 
 66  129.0  1.2  -3.4  0.8  5.1  128.5  1.5  5.1  1.0  8.5  0 0 0 0
 67  116.4  2.7  3.4  2.0  33.4  128.3  6.2  -0.3  4.5  149.3  0 0 0 0
 68  125.5  1.5  -4.0  1.1  8.9  119.9  3.7  2.6  2.7  59.2  5628  13.9232  5661  13.2379 
 69  128.1  3.3  -1.6  2.0  29.8  122.8  1.4  -1.1  0.9  5.5  0 0 0 0
 70  128.3  2.7  -1.4  1.6  18.7  133.5  1.3  -0.3  0.8  4.3  6047  14.4508  6022  14.0491 
 71  136.5  2.9  0.0  2.1  37.1  127.4  1.3  -2.7  1.0  7.5  6124  14.6387  6106  14.6399 
 72  123.0  2.1  5.8  1.5  18.8  127.8  1.8  1.0  1.3  12.3  1478  13.5043  1417  12.3713 
 73  126.2  1.8  -0.8  1.2  11.2  127.3  6.6  1.9  4.3  143.5  6073  14.6298  6048  14.657 
 74  125.3  3.3  1.5  2.1  36.1  129.0  6.0  1.1  3.8  119.0  0 0 0 0
 75  129.7  4.3  1.7  3.1  79.2  125.2  5.0  0.9  3.7  105.9  6087  13.2393  6070  13.0806 
 76  124.2  3.0  2.1  2.1  35.1  124.2  1.7  -1.2  1.1  10.5  2947  12.9712  3017  14.0851 
 77  122.8  2.0  2.0  1.4  17.9  132.1  1.4  -0.1  1.0  7.8  6093  13.2878  6086  13.6451 
 78  127.2  3.2  3.3  1.5  16.0  119.4  5.8  -1.5  2.9  60.1  6002  14.9308  6010  14.1513 
 79  122.9  1.4  -0.3  0.9  7.0  129.8  2.5  -6.3  1.7  19.9  1571  12.6151  1497  13.3002 
 80  123.2  2.6  7.2  2.2  27.1  127.3  1.2  -0.8  1.0  5.7  0 0 0 0
 81  120.9  3.7  -2.8  2.7  39.7  119.2  5.0  5.8  3.6  64.9  3570  13.3467  3618  13.4407 
 82  125.6  3.1  2.2  2.6  36.0  127.8  6.4  2.3  5.2  148.8  288  13.3516  304  12.5605 
 83  126.8  1.8  1.5  1.7  17.5  125.2  1.1  0.4  1.1  6.5  0  0  0  0 
 84  128.0  1.6  -2.0  1.7  16.9  123.1  3.5  4.1  2.9  27.5  852  12.8784  878  13.4831 
 85  125.9  3.9  1.3  3.9  85.8  120.8  5.2  5.2  4.2  53.0  0 0 0 0
 86  123.2  1.7  1.3  1.3  9.3  126.7  3.2  0.7  2.6  34.3  6028  14.5925  6028  14.0228 
 87  126.7  2.9  1.8  3.4  62.9  117.9  4.0  7.6  4.6  121.2  0 0 0 0
 88  124.0  2.0  4.0  1.5  12.0  123.9  3.6  4.0  2.7  39.8  0 0 0 0
 89  124.4  1.2  2.2  1.2  8.3  123.3  1.9  0.0  1.9  20.0  4552  14.8497  4609  13.3 
 90  129.0  5.0  5.3  5.0  137.8  124.2  3.0  -0.7  2.6  18.2  0 0 0 0
 91  127.2  2.5  1.8  2.2  26.9  123.4  2.7  2.0  2.5  33.7  0 0 0 0
 92  114.7  4.7  5.3  5.4  154.8  123.5  4.2  5.6  3.6  41.3  3298  14.9868  3287  13.5303 
 93  129.9  6.3  -0.8  4.6  112.7  133.6  2.8  -3.5  1.7  7.3  0 0 0 0
 94  128.0  2.9  5.4  2.5  32.5  121.0  2.0  0.9  1.9  17.9  0 0 0 0
 95  128.7  5.2  0.3  5.1  149.2  136.6  6.3  -1.0  6.0  194.9  575  13.9962  585  13.9993 
 96  119.0  2.1  -2.0  1.4  15.2  123.5  3.6  4.3  2.2  42.4  5859  13.2905  5879  13.3067 
 97  128.5  2.5  -6.6  1.6  18.4  121.7  5.0  3.0  3.1  78.2  0 0 0 0
 98  120.9  1.3  -3.4  0.8  4.7  122.6  2.1  4.4  1.2  11.3  0 0 0 0
 99  123.2  2.1  3.2  1.8  28.8  122.6  0.6  -2.6  0.5  2.0  0 0 0 0
 100  115.8  1.9  4.1  1.1  10.6  114.9  3.6  -1.9  2.2  39.0  0 0 0 0
 101  125.5  1.9  -3.5  1.3  14.0  121.2  1.8  2.3  1.2  11.9  0 0 0 0
 102  114.4  3.4  3.4  2.4  50.1  121.2  2.8  0.7  1.9  31.3  0 0 0 0
 103  122.1  1.2  1.8  0.7  4.2  123.1  2.6  -4.3  1.7  18.9  6023  13.8534  6011  12.9255 
 104  119.5  1.7  0.5  1.1  9.5  119.0  2.6  1.5  1.6  19.8  4269  13.5732  4292  13.1887 
 105  128.0  3.9  -4.7  2.2  21.1  120.7  8.6  4.0  4.5  106.5  0 0 0 0
 106  115.4  4.4  -0.1  2.7  34.4  130.0  4.3  4.0  2.5  28.2  6048  13.8399  6041  14.087 
 107  119.8  2.9  -0.7  2.0  17.2  127.7  2.0  -1.0  1.2  7.2  0 0 0 0
 108  125.8  2.3  -2.5  1.4  8.4  122.5  2.2  0.9  1.3  7.6  0 0 0 0
 109  122.8  2.6  -2.8  1.4  8.9  116.5  4.8  3.2  2.6  30.7  0 0 0 0
 110  120.5  1.4  -0.3  1.1  10.4  125.7  2.7  -1.8  2.1  32.8  6049  14.0572  6036  13.3492 
 111  125.7  3.9  -5.0  2.7  54.7  114.5  6.8  7.7  4.6  173.2  0 0 0 0
 112  124.4  0.3  2.9  0.2  0.3  113.4  4.2  2.2  2.8  65.3  6051  10.0775  6057  10.2129 
 113  121.7  4.6  2.8  5.0  119.8  123.7  2.8  -2.3  3.8  124.5  6035  13.4044  6012  13.2833 
 114  116.9  0.8  1.8  0.8  4.9  120.9  1.5  3.2  1.3  14.1  971  10.9719  914  12.015 
 115  117.1  1.9  4.9  1.9  18.4  122.2  0.9  -0.1  1.1  10.7  6009  13.3609  5997  13.3789 
 116  115.5  2.0  3.0  1.5  19.4  126.1  2.6  -0.2  2.0  30.2  6076  12.365  6085  12.0783 
 117  119.2  1.1  3.5  1.3  15.2  119.3  2.8  2.0  3.4  101.8  6041  13.2889  6037  13.3425 
 118  121.8  4.8  2.2  3.5  105.4  122.8  3.6  -5.6  2.7  52.9  363  10.2469  382  10.823 
 119  122.2  2.8  2.4  2.8  64.4  120.2  2.6  2.9  2.7  54.4  6017  13.5585  6031  14.0547 
 120  124.1  2.7  -2.5  1.5  10.4  123.1  5.7  -0.7  3.8  116.1  3507  13.3736  3454  12.5208 
 121  115.8  2.7  4.7  2.2  38.6  120.1  1.7  5.5  1.4  15.7  6020  13.2329  6022  13.4892 
 122  121.4  3.3  0.4  2.8  64.1  121.6  2.0  -0.8  1.7  23.3  6026  13.6455  6014  13.5197 
 123  120.3  2.4  0.6  2.0  35.2  115.7  3.6  5.7  3.1  76.6  5640  13.8133  5648  13.8323 
 124  118.3  3.5  1.4  2.8  63.7  125.9  2.5  -2.5  2.0  30.6  3302  12.596  3310  13.1406 
 125  119.0  1.7  4.3  1.9  31.4  118.9  0.6  1.6  0.7  4.5  5843  13.7223  5847  13.5755 
 126  123.8  1.7  -3.3  1.6  20.4  119.1  2.4  3.8  2.2  41.0  1053  12.6258  1070  13.3665 
 127  135.0  8.5  -13.6  10.0  777.0  123.7  1.4  1.6  1.7  22.7  2821  13.0341  2816  12.135 
