Pedestal charge parameters
Channel Mean_HG_ping Sigma_HG_ping Mean_HG_pong Sigma_HG_pong Mean_LG_ping Sigma_LG_ping Mean_LG_pong Sigma_LG_pong
0 79.1 2.2 80.6 2.2 81.2 1.2 88.3 1.0 
1 83.8 2.0 76.2 2.0 87.5 1.1 84.8 1.0 
2 78.3 2.0 79.9 2.2 84.7 1.0 82.9 1.4 
3 72.9 2.2 72.4 1.9 80.7 1.1 86.2 1.2 
4 73.7 2.2 77.3 2.2 81.4 1.2 82.9 1.1 
5 81.4 1.9 83.2 1.9 88.3 1.1 88.4 1.0 
6 73.9 2.2 78.8 2.1 82.9 1.3 84.5 1.4 
7 75.9 2.2 79.0 2.0 90.5 1.3 83.5 1.3 
8 80.2 2.2 82.3 2.3 88.7 1.3 88.0 1.0 
9 77.8 2.2 78.2 2.3 84.5 1.1 84.5 1.4 
10 83.2 2.1 80.8 2.1 85.5 1.1 87.0 1.0 
11 75.3 2.2 80.6 2.2 80.5 1.1 83.3 1.1 
12 75.5 2.2 76.8 2.0 84.3 1.1 87.0 1.1 
13 76.0 2.2 79.9 2.1 87.0 1.1 85.2 1.0 
14 79.2 2.0 74.2 2.2 88.1 1.1 84.0 1.1 
15 81.0 2.0 83.8 2.1 88.9 1.1 85.0 1.0 
16 66.9 2.2 62.0 2.1 72.3 1.1 72.1 1.5 
17 61.6 2.1 68.1 2.1 76.3 1.1 81.0 1.2 
18 68.0 2.0 66.0 2.2 62.6 1.3 77.0 1.2 
19 59.2 2.1 69.0 2.2 73.7 1.3 77.9 1.4 
20 70.9 2.2 69.1 2.2 72.5 1.1 75.3 1.1 
21 65.7 2.1 68.6 2.4 73.7 1.3 72.2 1.0 
22 64.3 2.1 64.6 2.1 72.5 1.2 76.1 1.0 
23 64.4 2.1 66.8 2.1 76.0 1.1 76.1 1.0 
24 70.0 2.2 71.4 2.2 66.0 1.4 67.5 1.1 
25 64.9 2.4 64.5 2.1 72.0 1.1 74.9 1.1 
26 61.5 2.3 59.6 2.1 74.7 1.2 75.3 1.1 
27 64.8 2.3 63.2 2.1 73.9 1.4 69.9 1.1 
28 65.5 2.1 60.3 2.1 73.2 1.3 68.3 1.1 
29 68.1 2.1 64.6 2.1 70.2 1.2 74.5 1.1 
30 60.9 2.1 63.4 2.2 78.1 1.3 74.9 1.4 
31 62.5 2.2 63.3 2.3 75.9 1.2 77.2 1.4 
32 89.5 2.8 90.3 3.1 96.4 1.1 93.7 1.2 
33 82.7 2.6 87.8 2.6 94.2 1.3 92.9 1.1 
34 93.2 2.8 93.1 2.6 89.2 1.2 91.5 1.1 
35 84.2 2.5 75.3 2.6 92.5 1.2 89.7 1.1 
36 92.2 2.7 86.0 2.9 96.5 1.2 93.7 1.1 
37 88.0 2.4 83.5 2.4 90.8 1.2 89.0 1.1 
38 93.5 2.5 87.0 2.3 96.6 1.2 92.2 1.0 
39 79.3 2.3 89.6 2.4 93.6 1.2 95.1 1.1 
40 89.6 2.3 89.0 2.3 91.7 1.1 88.8 1.1 
41 84.6 2.4 83.3 2.5 88.2 1.2 88.4 1.0 
42 86.7 2.6 83.4 2.6 88.7 1.1 92.5 1.4 
43 87.6 2.3 89.1 2.4 91.6 1.1 89.5 1.1 
44 84.7 2.9 89.0 2.6 92.2 1.1 94.9 1.1 
45 84.2 2.3 83.0 2.5 92.4 1.1 98.8 1.3 
46 78.6 2.3 83.1 2.4 93.5 1.4 87.8 1.1 
47 86.9 2.5 83.0 2.3 92.2 1.4 94.7 1.1 
48 60.1 1.9 59.1 1.9 64.1 1.1 69.8 1.3 
49 55.6 2.0 66.2 2.0 62.2 1.2 68.5 1.1 
50 58.3 1.9 59.8 1.9 65.0 1.1 64.8 1.0 
51 66.3 2.0 60.7 2.2 66.4 1.2 68.1 1.0 
52 64.5 1.9 67.8 1.9 62.0 1.1 61.3 1.1 
53 54.3 2.0 57.8 2.3 64.9 1.1 67.7 0.9 
54 63.2 1.8 62.0 1.9 70.5 1.1 68.9 1.0 
55 60.9 2.0 62.0 2.0 64.3 1.3 63.9 0.9 
56 60.9 1.9 66.1 1.8 71.3 1.2 62.6 1.3 
57 60.4 1.9 58.9 2.0 70.8 1.3 66.2 1.3 
58 62.8 2.1 57.1 2.1 68.0 1.1 70.8 1.0 
59 57.1 2.0 57.6 2.1 62.0 1.2 63.8 0.9 
60 62.2 2.2 64.6 1.9 59.4 1.3 63.2 1.0 
61 64.2 2.1 58.3 2.2 69.8 1.1 71.5 1.0 
62 59.6 2.2 63.8 2.0 63.1 1.1 61.5 1.1 
63 60.2 2.3 60.1 2.2 65.5 1.1 64.6 1.0 
64 75.8 2.2 75.8 1.9 75.8 1.1 73.7 1.1 
65 74.8 2.2 72.0 2.0 76.5 1.1 72.4 1.1 
66 66.7 2.0 67.5 2.0 73.0 1.4 69.2 1.1 
67 75.6 2.1 77.9 2.1 75.2 1.2 75.3 1.1 
68 76.3 2.0 73.4 2.1 74.5 1.2 72.3 1.1 
69 73.3 2.1 77.1 2.2 72.9 1.2 73.2 1.1 
70 76.4 2.2 76.1 2.2 72.6 1.1 74.9 1.1 
71 75.6 2.0 69.6 1.9 79.0 1.2 79.0 1.0 
72 73.2 2.0 73.2 1.9 77.1 1.2 73.7 1.1 
73 74.9 2.1 72.3 2.0 81.7 1.2 74.6 1.4 
74 69.0 2.0 72.2 2.0 75.6 1.1 73.1 1.1 
75 69.2 2.1 65.3 1.9 72.1 1.1 75.8 1.0 
76 73.2 2.0 69.2 2.1 69.0 1.2 75.4 1.2 
77 69.5 2.0 65.1 2.1 73.8 1.2 76.1 1.1 
78 68.9 2.0 72.0 2.1 71.8 1.2 79.6 1.1 
79 68.1 2.1 78.8 2.2 71.7 1.3 76.8 1.3 
80 87.1 3.8 79.2 3.8 87.3 1.2 85.4 1.1 
81 91.1 2.4 89.0 2.2 88.9 1.2 90.7 1.1 
82 81.1 2.7 77.6 3.0 80.7 1.1 84.3 1.4 
83 82.9 2.3 83.8 2.1 86.1 1.2 87.9 1.0 
84 86.6 2.6 82.4 2.5 91.3 1.2 88.8 1.0 
85 81.2 2.2 80.6 2.3 84.9 1.1 89.1 1.5 
86 83.9 2.4 82.7 2.4 86.6 1.2 82.9 1.5 
87 90.5 1.9 86.9 1.8 88.7 1.2 92.1 1.0 
88 83.7 2.1 85.8 2.1 88.2 1.2 88.3 1.1 
89 78.8 2.0 82.9 2.1 90.3 1.4 85.0 1.2 
90 81.7 2.0 83.7 2.1 88.3 1.2 85.1 1.1 
91 82.0 2.0 86.9 2.2 88.4 1.1 91.2 1.2 
92 83.3 2.1 77.3 2.2 84.3 1.1 80.8 1.1 
93 83.1 2.0 84.5 2.2 85.4 1.2 89.6 1.5 
94 89.6 2.0 86.7 1.8 85.0 1.1 88.3 1.5 
95 82.4 2.2 86.5 2.2 87.3 1.2 87.5 1.1 
96 77.1 2.1 79.4 2.0 76.7 1.1 79.7 1.1 
97 79.7 2.0 77.9 2.1 76.5 1.1 80.7 1.2 
98 79.2 2.2 79.6 2.0 81.8 1.2 83.7 1.1 
99 76.5 2.2 73.8 2.2 75.7 1.1 81.6 1.3 
100 79.7 2.1 77.0 2.0 78.4 1.2 76.5 1.0 
101 82.1 2.1 80.2 2.0 81.1 1.2 82.7 1.1 
102 78.3 1.9 76.2 2.2 81.7 1.2 81.5 1.1 
103 80.0 1.9 76.4 2.0 81.6 1.2 74.0 1.2 
104 79.7 2.0 82.9 1.9 82.9 1.3 78.2 1.3 
105 78.5 2.1 76.4 2.0 81.3 1.1 83.8 1.3 
106 75.5 2.3 76.4 2.1 80.4 1.1 80.4 1.0 
107 72.7 2.1 77.1 2.2 83.3 1.2 81.6 1.2 
108 75.0 2.2 80.2 2.1 77.8 1.2 79.0 1.1 
109 78.5 2.0 77.9 2.0 78.0 1.2 80.0 1.0 
110 80.0 2.2 77.6 1.9 76.4 1.1 79.2 1.1 
111 77.4 2.3 75.8 2.0 78.5 1.3 79.7 1.0 
112 69.3 2.0 68.6 2.1 72.8 1.1 74.3 1.1 
113 65.5 2.0 65.9 2.2 73.9 1.3 69.9 1.1 
114 68.6 2.1 74.5 2.2 69.0 1.1 72.9 1.5 
115 69.7 1.9 70.2 2.1 76.8 1.3 71.1 1.6 
116 70.9 2.0 72.1 2.3 70.5 1.3 68.3 1.2 
117 71.3 2.1 73.2 2.1 76.0 1.2 66.8 1.4 
118 71.3 2.1 62.4 2.2 77.7 1.3 70.8 1.3 
119 68.4 2.0 65.7 2.1 71.5 1.3 76.0 1.1 
120 70.9 2.2 71.6 2.0 72.2 1.2 69.7 1.2 
121 65.8 2.1 69.0 2.0 76.2 1.1 76.2 1.0 
122 66.6 2.2 62.8 2.2 73.3 1.2 68.4 1.2 
123 66.9 2.1 71.5 2.1 70.5 1.3 68.9 1.1 
124 66.8 2.0 66.9 2.1 74.3 1.4 69.5 1.1 
125 66.3 2.0 64.3 2.1 76.7 1.1 76.3 1.1 
126 72.6 2.0 67.2 2.1 74.1 1.3 70.3 1.6 
127 62.7 1.9 64.9 2.1 67.2 1.3 73.6 1.4 
