Maximum charge in HG 
Channel_nb;  Charge_max_HG 
0 768
1 768
2 768
3 769
4 768
5 868
6 787
7 771
8 772
9 780
10 783
11 748
12 772
13 769
14 771
15 776
16 768
17 767
18 765
19 759
20 759
21 761
22 755
23 760
24 759
25 768
26 770
27 749
28 772
29 758
30 758
31 772
32 756
33 775
34 768
35 767
36 768
37 770
38 770
39 772
40 772
41 775
42 763
43 775
44 772
45 769
46 765
47 783
48 754
49 767
50 761
51 769
52 767
53 764
54 760
55 764
56 768
57 752
58 762
59 756
60 755
61 768
62 754
63 767
64 786
65 804
66 793
67 780
68 788
69 768
70 786
71 784
72 803
73 794
74 795
75 795
76 795
77 800
78 779
79 785
80 752
81 763
82 770
83 773
84 765
85 739
86 756
87 763
88 753
89 752
90 750
91 761
92 763
93 720
94 751
95 755
96 764
97 762
98 761
99 767
100 759
101 752
102 714
103 745
104 761
105 771
106 754
107 758
108 765
109 756
110 763
111 771
112 755
113 732
114 751
115 746
116 756
117 752
118 761
119 759
120 755
121 748
122 754
123 763
124 752
125 740
126 768
127 765
