Maximum charge in HG 
Channel_nb;  Charge_max_HG 
0 793
1 784
2 770
3 783
4 771
5 760
6 774
7 789
8 787
9 780
10 769
11 768
12 784
13 773
14 770
15 784
16 863
17 761
18 748
19 757
20 753
21 761
22 749
23 736
24 748
25 757
26 743
27 746
28 752
29 744
30 754
31 749
32 785
33 783
34 779
35 783
36 776
37 784
38 776
39 779
40 789
41 776
42 779
43 771
44 786
45 784
46 780
47 775
48 799
49 796
50 803
51 800
52 792
53 807
54 791
55 812
56 793
57 796
58 794
59 809
60 793
61 806
62 790
63 785
64 763
65 782
66 766
67 772
68 780
69 769
70 764
71 767
72 780
73 769
74 757
75 773
76 762
77 769
78 757
79 781
80 777
81 771
82 762
83 760
84 765
85 759
86 737
87 769
88 770
89 771
90 772
91 768
92 768
93 732
94 748
95 788
96 756
97 761
98 769
99 770
100 743
101 736
102 776
103 769
104 785
105 759
106 771
107 752
108 777
109 671
110 765
111 764
112 922
113 757
114 764
115 755
116 755
117 1016
118 968
119 746
120 752
121 732
122 752
123 761
124 755
125 750
126 759
127 758
