Pedestal charge parameters
Channel Mean_HG_ping Sigma_HG_ping Mean_HG_pong Sigma_HG_pong Mean_LG_ping Sigma_LG_ping Mean_LG_pong Sigma_LG_pong
0 81.5 2.5 84.9 2.5 92.8 1.4 87.9 1.1 
1 80.3 2.3 80.8 2.5 88.0 1.2 88.2 1.1 
2 86.8 2.6 81.2 2.3 88.0 1.4 85.5 1.1 
3 83.8 2.6 86.5 2.4 89.3 1.3 83.9 1.1 
4 80.5 2.6 86.9 2.4 88.7 1.5 85.4 1.1 
5 80.0 2.3 79.0 2.4 89.4 1.3 91.6 1.1 
6 86.0 2.4 85.5 2.4 85.5 1.2 87.7 1.1 
7 87.1 2.5 86.1 2.3 88.6 1.2 92.0 1.1 
8 85.8 2.4 85.5 2.5 88.2 1.2 90.8 1.2 
9 84.1 2.4 77.9 2.5 88.0 1.2 88.0 1.1 
10 79.5 2.5 85.3 2.5 94.5 1.4 93.6 1.1 
11 83.5 2.5 81.6 2.7 88.2 1.2 90.8 1.1 
12 85.7 2.6 77.5 2.4 84.1 1.2 81.4 1.1 
13 80.3 2.4 85.3 2.6 88.2 1.4 85.7 1.2 
14 81.5 2.5 81.2 2.4 92.4 1.2 95.4 1.1 
15 84.2 2.5 76.7 2.5 89.6 1.5 86.1 1.2 
16 73.2 2.0 68.0 2.1 74.6 1.4 70.3 1.4 
17 66.3 2.2 68.3 2.2 70.0 1.2 72.1 1.1 
18 63.1 2.3 66.8 2.1 70.3 1.2 66.5 1.5 
19 63.2 2.3 68.5 2.2 70.6 1.4 75.8 1.1 
20 73.3 2.2 68.3 2.1 70.3 1.4 73.0 1.5 
21 64.2 2.2 70.1 2.3 77.0 1.1 71.2 1.3 
22 62.7 2.1 66.4 2.1 71.1 1.2 69.5 1.1 
23 72.8 2.1 70.0 2.2 75.0 1.2 73.1 1.1 
24 74.2 2.1 70.8 2.1 78.7 1.2 76.3 1.0 
25 63.9 2.2 66.0 2.2 69.5 1.2 71.4 1.1 
26 67.4 2.4 63.9 2.3 70.9 1.4 72.2 1.0 
27 64.8 2.2 66.0 2.2 69.0 1.2 71.9 1.1 
28 70.9 2.3 75.1 2.2 68.0 1.3 68.1 1.1 
29 65.0 2.3 67.2 2.2 73.2 1.2 76.2 1.3 
30 65.7 2.3 65.0 2.1 70.8 1.2 68.3 1.2 
31 58.9 2.2 64.3 2.1 80.0 1.2 76.8 1.1 
32 68.0 3.0 67.6 3.3 82.5 1.5 75.2 1.4 
33 60.2 2.9 62.9 2.8 75.1 1.4 72.3 1.2 
34 64.7 3.0 69.4 3.0 73.7 1.5 78.1 1.5 
35 64.6 2.7 67.0 2.6 71.2 1.3 78.2 1.2 
36 64.2 3.0 65.6 3.4 73.0 1.3 65.1 1.3 
37 67.8 2.4 71.6 2.8 77.6 1.4 72.3 1.2 
38 77.6 3.0 72.6 3.2 79.4 1.3 75.5 1.6 
39 73.5 2.7 70.2 2.6 74.0 1.3 76.1 1.1 
40 61.8 2.6 66.3 2.8 76.9 1.4 73.4 1.2 
41 66.1 3.0 69.1 2.9 73.8 1.4 73.3 1.2 
42 65.1 2.8 73.9 3.0 71.7 1.5 75.3 1.2 
43 62.5 2.5 72.5 2.6 72.1 1.3 76.3 1.2 
44 67.5 2.8 68.8 3.2 80.3 1.3 73.1 1.4 
45 67.2 2.5 67.0 3.0 78.8 1.3 76.4 1.1 
46 66.8 2.6 70.5 2.8 72.0 1.3 76.7 1.2 
47 69.9 2.5 64.2 2.7 75.7 1.2 71.3 1.6 
48 90.6 2.1 88.5 2.0 95.8 1.2 91.2 1.4 
49 83.3 2.2 85.6 2.0 96.5 1.1 90.7 1.4 
50 88.6 2.0 94.3 2.0 98.9 1.2 94.7 1.5 
51 90.9 2.1 87.4 2.1 93.1 1.1 95.2 1.1 
52 91.9 2.2 93.9 1.9 93.9 1.4 88.8 1.1 
53 88.2 2.0 91.0 2.1 93.2 1.2 94.8 1.2 
54 88.4 2.0 90.6 2.1 97.2 1.4 95.2 1.5 
55 94.0 2.1 91.6 2.3 100.4 1.0 99.0 1.5 
56 86.7 2.0 87.9 1.9 95.2 1.2 92.7 1.1 
57 92.0 2.0 90.1 2.2 100.1 1.1 97.5 1.1 
58 87.8 2.0 87.2 2.2 92.3 1.1 94.9 1.1 
59 89.3 2.2 89.2 2.1 100.8 1.1 102.5 1.1 
60 91.6 2.0 85.0 2.2 90.5 1.4 99.0 1.2 
61 87.0 2.0 89.9 2.0 96.2 1.1 95.6 1.1 
62 91.4 2.3 82.5 2.2 92.4 1.1 89.9 1.1 
63 89.4 2.3 91.3 2.3 97.2 1.4 92.4 1.1 
64 83.1 1.9 78.5 2.1 85.0 1.1 86.8 1.1 
65 84.8 2.1 84.3 1.9 89.3 1.2 91.8 1.0 
66 83.0 2.0 83.9 1.8 87.9 1.1 84.3 1.1 
67 83.4 2.0 86.1 1.9 84.3 1.2 78.1 1.3 
68 78.5 1.9 81.2 2.0 84.2 1.4 86.7 1.1 
69 86.0 1.9 83.1 2.0 81.4 1.2 86.0 1.4 
70 76.5 1.9 75.0 2.0 86.2 1.1 87.7 1.0 
71 82.5 2.0 85.2 2.0 84.1 1.4 86.6 1.1 
72 82.4 2.0 87.0 1.9 89.8 1.2 91.2 1.1 
73 82.5 2.2 81.7 2.0 83.9 1.2 87.1 1.1 
74 80.3 1.9 83.3 1.9 91.7 1.1 89.1 1.1 
75 81.5 2.1 84.1 2.1 85.1 1.2 90.4 1.4 
76 79.4 2.0 79.9 2.0 86.3 1.1 84.6 1.0 
77 82.3 2.0 80.0 2.1 79.9 1.3 77.6 1.1 
78 80.7 2.1 81.5 2.1 82.0 1.2 84.1 1.1 
79 79.7 2.0 85.4 1.9 87.9 1.1 85.4 1.0 
80 78.1 4.1 81.2 4.3 89.1 1.3 91.6 1.1 
81 81.8 2.5 81.0 2.3 86.0 1.2 88.0 1.1 
82 84.8 2.9 85.2 2.9 85.4 1.2 86.8 1.1 
83 80.2 2.2 86.2 2.1 86.0 1.4 83.7 1.3 
84 88.4 2.6 86.1 2.7 85.7 1.4 84.4 1.1 
85 84.7 1.9 83.9 2.0 87.1 1.2 83.7 1.3 
86 83.5 2.3 79.8 2.5 88.2 1.2 88.1 1.1 
87 78.5 2.0 79.8 2.0 84.4 1.2 88.1 1.0 
88 81.4 2.2 83.7 2.2 83.9 1.4 86.8 1.1 
89 76.4 2.2 79.6 1.9 87.8 1.2 85.7 1.1 
90 80.1 2.1 76.0 2.0 92.3 1.1 87.8 1.2 
91 81.7 2.1 79.5 2.2 85.4 1.4 83.3 1.5 
92 84.3 2.1 82.2 1.9 89.8 1.2 91.4 1.1 
93 82.0 2.1 75.5 2.0 85.8 1.3 79.7 1.2 
94 81.6 1.9 80.3 2.1 85.8 1.2 88.0 1.1 
95 82.0 2.1 81.1 2.0 86.8 1.2 82.4 1.4 
96 73.2 2.1 70.3 1.8 73.1 1.1 75.1 1.1 
97 64.9 1.9 67.9 1.9 70.4 1.2 68.5 1.0 
98 73.0 2.1 69.1 2.0 74.2 1.3 66.9 1.2 
99 70.6 2.1 64.2 2.1 69.4 1.2 72.1 1.1 
100 72.0 2.0 67.0 2.0 73.4 1.3 70.9 1.5 
101 68.4 1.9 65.9 1.9 66.5 1.3 68.2 1.1 
102 66.2 1.9 65.4 2.0 74.2 1.4 72.5 1.5 
103 63.3 1.9 63.5 2.0 73.4 1.3 68.8 1.1 
104 71.3 1.9 68.9 1.9 70.7 1.2 69.1 1.1 
105 62.4 2.0 65.0 2.1 70.5 1.2 69.0 1.1 
106 59.7 2.0 67.5 2.0 72.5 1.1 66.0 1.4 
107 64.6 2.1 71.1 2.0 65.7 1.3 71.7 1.2 
108 69.0 2.1 71.8 2.0 71.6 1.1 69.7 1.0 
109 67.8 1.9 64.4 1.9 72.1 1.1 70.0 1.1 
110 63.5 2.1 67.1 2.1 69.1 1.2 69.0 1.1 
111 65.6 2.0 64.7 1.9 68.5 1.1 68.7 1.5 
112 78.3 2.0 85.6 2.0 86.9 1.1 86.9 1.1 
113 84.8 1.9 83.4 2.0 83.1 1.4 87.6 1.0 
114 82.3 2.0 83.3 2.2 90.0 1.2 84.1 1.2 
115 80.6 1.9 81.1 2.0 86.8 1.2 85.3 1.1 
116 81.8 2.1 83.8 2.0 92.7 1.3 89.2 1.1 
117 84.0 2.0 80.7 2.0 85.0 1.1 86.4 1.0 
118 79.3 2.0 79.6 1.9 80.0 1.1 77.5 1.1 
119 81.7 1.9 84.9 1.9 88.9 1.1 84.0 1.2 
120 78.6 2.0 79.9 2.2 90.5 1.4 86.1 1.3 
121 78.2 2.1 80.6 2.1 87.6 1.1 80.7 1.1 
122 84.4 2.0 80.1 2.0 87.4 1.1 78.2 1.4 
123 77.9 1.9 79.4 1.9 82.1 1.3 88.4 1.1 
124 74.8 2.1 84.4 2.0 81.4 1.2 82.9 1.1 
125 85.0 1.9 82.0 1.9 87.5 1.1 85.5 1.0 
126 81.2 2.0 83.2 2.0 85.3 1.1 88.4 1.1 
127 80.9 1.9 83.3 1.9 91.2 1.2 89.0 1.1 
