Maximum charge in HG 
Channel_nb;  Charge_max_HG 
0 771
1 777
2 780
3 773
4 774
5 779
6 780
7 783
8 783
9 781
10 775
11 704
12 783
13 788
14 785
15 783
16 736
17 748
18 752
19 755
20 733
21 747
22 757
23 723
24 736
25 739
26 734
27 731
28 744
29 731
30 745
31 748
32 776
33 779
34 776
35 785
36 789
37 781
38 791
39 781
40 784
41 777
42 775
43 778
44 788
45 793
46 772
47 778
48 757
49 764
50 770
51 762
52 770
53 770
54 763
55 760
56 768
57 764
58 764
59 764
60 733
61 856
62 759
63 773
64 740
65 750
66 755
67 735
68 751
69 727
70 731
71 736
72 747
73 765
74 724
75 756
76 743
77 735
78 739
79 748
80 741
81 753
82 753
83 746
84 747
85 734
86 740
87 737
88 746
89 753
90 754
91 748
92 744
93 681
94 749
95 758
96 793
97 720
98 799
99 782
100 796
101 707
102 741
103 775
104 777
105 804
106 787
107 797
108 801
109 787
110 784
111 786
112 1001
113 971
114 868
115 753
116 746
117 986
118 755
119 751
120 751
121 740
122 746
123 736
124 768
125 750
126 759
127 747
