Fine time information for HG/LG threshold at 520 DACu
Channel_nb fine_time_min fine_time_max 
0 16 931
1 24 941
2 38 942
3 52 963
4 34 937
5 40 925
6 38 940
7 40 941
8 46 949
9 39 939
10 30 940
11 40 935
12 25 931
13 38 933
14 37 932
15 31 932
16 34 943
17 33 934
18 37 941
19 33 940
20 33 930
21 19 910
22 34 934
23 44 948
24 34 920
25 41 940
26 38 934
27 34 927
28 45 933
29 36 933
30 39 925
31 40 931
32 6 904
33 8 913
34 7 904
35 6 908
36 6 917
37 13 933
38 7 920
39 6 894
40 7 916
41 6 917
42 11 930
43 9 932
44 7 902
45 7 927
46 7 909
47 7 892
48 33 936
49 33 929
50 33 923
51 38 932
52 36 936
53 19 940
54 38 945
55 28 929
56 37 927
57 42 937
58 30 932
59 32 925
60 34 928
61 37 929
62 40 938
63 40 934
64 11 924
65 19 919
66 26 930
67 18 916
68 24 917
69 21 913
70 19 925
71 17 935
72 17 919
73 17 937
74 23 935
75 27 925
76 15 925
77 14 923
78 18 904
79 22 917
80 42 948
81 31 927
82 32 941
83 38 926
84 35 933
85 45 934
86 40 933
87 49 932
88 40 921
89 46 941
90 42 934
91 28 915
92 48 939
93 42 946
94 47 946
95 42 986
96 12 957
97 41 975
98 45 955
99 48 955
100 51 974
101 56 959
102 55 971
103 43 971
104 55 955
105 41 947
106 45 969
107 53 970
108 52 961
109 55 975
110 52 967
111 57 955
112 27 916
113 25 926
114 33 916
115 22 904
116 21 912
117 34 975
118 23 925
119 27 911
120 32 901
121 25 922
122 15 931
123 15 919
124 36 918
125 33 918
126 32 907
127 30 932
