Maximum charge in HG 
Channel_nb;  Charge_max_HG 
0 719
1 715
2 724
3 734
4 719
5 733
6 1002
7 736
8 730
9 728
10 721
11 719
12 733
13 721
14 719
15 739
16 751
17 759
18 747
19 746
20 749
21 752
22 745
23 736
24 738
25 751
26 751
27 751
28 749
29 745
30 749
31 756
32 748
33 749
34 750
35 753
36 751
37 768
38 756
39 753
40 758
41 761
42 756
43 768
44 759
45 748
46 756
47 775
48 834
49 756
50 747
51 740
52 738
53 739
54 738
55 741
56 738
57 744
58 754
59 745
60 712
61 733
62 741
63 744
64 747
65 768
66 762
67 764
68 751
69 759
70 748
71 746
72 761
73 772
74 741
75 764
76 776
77 752
78 725
79 768
80 784
81 786
82 796
83 786
84 793
85 778
86 761
87 792
88 777
89 796
90 791
91 793
92 798
93 785
94 799
95 789
96 715
97 652
98 724
99 719
100 694
101 667
102 699
103 711
104 718
105 732
106 718
107 717
108 724
109 693
110 718
111 726
112 1008
113 1012
114 997
115 873
116 768
117 918
118 874
119 750
120 776
121 736
122 764
123 777
124 786
125 765
126 771
127 776
