Pedestal charge parameters
Channel Mean_HG_ping Sigma_HG_ping Mean_HG_pong Sigma_HG_pong Mean_LG_ping Sigma_LG_ping Mean_LG_pong Sigma_LG_pong
0 73.3 2.2 71.0 2.2 73.1 1.1 75.6 1.1 
1 74.9 2.1 75.5 2.4 82.7 1.2 80.4 1.1 
2 71.6 2.2 72.5 2.1 78.0 1.2 79.2 1.1 
3 75.8 2.1 76.2 2.0 80.3 1.2 77.3 1.1 
4 72.8 2.1 76.2 2.2 81.2 1.3 80.7 1.4 
5 71.7 2.1 75.1 2.1 80.0 1.1 80.2 1.0 
6 76.0 2.2 71.5 2.3 84.1 1.1 79.0 1.5 
7 74.7 2.2 75.1 2.1 79.5 1.2 77.7 1.1 
8 77.9 2.2 69.0 2.4 85.5 1.3 81.4 1.2 
9 75.3 2.3 76.8 2.1 82.1 1.2 83.8 1.4 
10 71.0 2.2 79.0 2.2 80.1 1.1 77.1 1.1 
11 76.9 2.3 74.8 2.2 80.4 1.1 83.1 1.1 
12 69.6 2.3 67.1 2.3 79.8 1.1 75.7 1.5 
13 67.8 2.3 67.3 2.3 83.3 1.1 80.3 1.4 
14 68.5 2.4 69.4 2.4 75.9 1.3 77.4 1.5 
15 73.3 2.2 69.7 2.3 86.9 1.1 81.4 1.3 
16 71.8 1.9 72.8 2.3 82.0 1.2 76.3 1.0 
17 67.8 1.9 68.1 2.2 83.4 1.1 77.9 1.5 
18 76.0 2.0 71.5 2.0 78.9 1.2 76.8 1.0 
19 70.7 2.1 72.3 2.0 73.3 1.1 77.0 1.5 
20 72.3 2.0 75.0 1.9 78.3 1.2 78.4 1.1 
21 73.9 2.0 64.7 2.0 75.6 1.4 79.7 1.0 
22 71.5 2.0 75.8 2.0 79.0 1.4 83.2 1.1 
23 73.8 2.1 71.1 2.0 71.8 1.3 75.5 1.0 
24 75.0 1.9 74.3 2.0 79.7 1.1 76.9 1.1 
25 74.3 2.0 69.1 2.1 79.6 1.1 76.0 1.3 
26 70.8 2.0 72.4 1.9 80.1 1.1 75.9 1.0 
27 66.6 2.0 70.1 2.0 76.7 1.1 79.7 1.0 
28 66.0 1.9 65.8 2.2 80.3 1.3 80.4 1.0 
29 67.1 2.0 66.9 2.1 77.6 1.3 83.7 1.1 
30 70.5 2.0 73.6 2.1 82.6 1.1 79.9 1.2 
31 70.5 1.9 70.2 2.0 74.1 1.1 77.0 1.4 
32 75.1 2.9 82.8 2.8 82.0 1.2 82.5 1.3 
33 78.2 2.7 77.4 2.5 81.2 1.3 83.8 1.1 
34 73.8 2.7 81.8 2.8 82.1 1.3 81.5 1.1 
35 73.5 2.6 79.7 2.4 85.1 1.1 86.3 1.2 
36 78.6 2.9 78.6 2.8 84.1 1.4 86.4 1.1 
37 78.0 2.5 76.3 2.5 84.8 1.2 85.5 1.5 
38 74.7 2.8 78.2 2.7 84.8 1.2 87.4 1.1 
39 71.3 2.3 77.0 2.3 83.4 1.2 81.3 1.1 
40 75.7 2.6 70.7 2.4 80.9 1.2 85.8 1.5 
41 70.9 2.5 77.5 2.7 85.4 1.3 89.6 1.4 
42 75.4 2.6 79.2 2.7 83.9 1.2 90.8 1.3 
43 75.1 2.5 80.8 2.4 83.2 1.5 87.1 1.1 
44 73.4 2.8 68.4 2.9 87.1 1.1 86.8 1.2 
45 69.1 2.4 69.6 2.4 87.7 1.1 84.0 1.2 
46 77.4 2.6 80.3 2.4 80.3 1.2 84.5 1.2 
47 79.2 2.5 81.4 2.5 83.6 1.2 81.5 1.1 
48 69.9 2.0 73.2 2.0 73.3 1.2 77.0 1.4 
49 73.3 1.9 73.8 2.0 76.8 1.1 80.2 1.1 
50 75.7 2.0 80.5 2.1 73.0 1.1 74.7 1.1 
51 75.2 1.9 76.7 2.0 77.7 1.3 82.3 1.4 
52 73.1 2.2 72.2 2.1 77.1 1.1 70.3 1.3 
53 70.7 2.0 74.3 2.1 80.8 1.2 75.1 1.4 
54 72.5 2.0 78.9 2.1 79.9 1.2 84.4 1.1 
55 72.3 2.2 74.9 1.9 78.9 1.2 77.0 1.1 
56 76.2 2.1 72.1 1.9 79.5 1.2 76.7 1.0 
57 71.8 2.0 67.3 2.0 83.5 1.1 81.3 1.1 
58 73.2 2.0 78.3 2.1 68.7 1.2 75.8 1.2 
59 67.5 1.9 73.7 2.1 81.9 1.2 81.7 1.1 
60 75.4 2.1 76.3 1.9 79.6 1.2 75.3 1.2 
61 69.6 2.2 71.0 1.9 82.0 1.3 80.9 1.1 
62 69.1 2.4 68.7 2.1 83.3 1.2 79.8 1.4 
63 65.6 2.2 70.9 2.1 73.7 1.3 81.9 1.3 
64 66.8 2.1 75.2 2.1 77.0 1.2 80.0 1.0 
65 81.9 2.1 82.6 2.1 80.0 1.1 79.5 1.5 
66 81.2 2.2 81.0 2.0 81.8 1.2 83.9 1.1 
67 77.3 2.1 71.9 2.2 80.8 1.2 83.4 1.1 
68 84.8 2.2 81.3 2.1 78.0 1.2 76.6 1.0 
69 79.0 2.2 76.4 2.1 82.7 1.3 80.6 1.1 
70 75.7 2.1 79.2 2.1 84.5 1.2 81.0 1.1 
71 81.3 2.1 79.9 2.1 85.8 1.2 79.6 1.3 
72 82.7 2.3 80.4 2.1 82.2 1.4 86.8 1.1 
73 75.9 2.1 78.3 2.1 77.7 1.3 80.3 1.5 
74 81.8 2.3 80.8 2.1 78.1 1.2 79.9 1.0 
75 72.8 2.1 73.2 2.1 80.8 1.2 83.5 1.1 
76 74.2 2.1 77.4 2.1 80.6 1.2 74.5 1.3 
77 76.2 2.1 78.0 2.2 82.8 1.2 81.1 1.2 
78 79.2 2.2 79.0 2.1 75.2 1.4 79.8 1.1 
79 74.2 2.3 78.2 2.3 82.3 1.2 83.0 1.2 
80 88.0 4.1 87.5 4.1 88.8 1.3 91.3 1.3 
81 92.4 2.8 91.7 3.0 87.9 1.2 92.0 1.2 
82 87.9 3.4 90.2 3.2 97.7 1.4 102.9 1.6 
83 94.3 3.0 94.1 2.8 93.7 1.6 88.3 1.1 
84 91.5 2.9 88.8 3.0 99.0 1.3 97.3 1.2 
85 88.8 2.7 93.8 2.7 96.9 1.3 92.8 1.2 
86 88.1 2.9 93.9 2.7 94.1 1.4 94.9 1.2 
87 86.8 2.6 87.7 2.8 94.9 1.4 93.2 1.2 
88 85.1 2.6 89.4 2.6 91.0 1.6 95.4 1.3 
89 83.2 2.7 84.6 2.7 94.7 1.4 92.0 1.2 
90 84.4 2.6 84.0 2.7 89.9 1.4 88.1 1.2 
91 88.9 2.6 89.8 2.9 98.3 1.3 97.5 1.2 
92 86.7 2.7 90.5 2.6 94.3 1.4 92.3 1.2 
93 80.3 2.5 80.1 2.8 88.8 1.3 91.5 1.2 
94 82.1 2.7 85.6 2.5 88.3 1.2 90.7 1.3 
95 78.1 2.7 82.5 2.6 86.6 1.5 89.6 1.7 
96 108.2 2.2 99.5 2.2 107.0 1.2 105.2 1.1 
97 107.0 2.3 109.0 2.1 109.8 1.0 109.1 0.3 
98 104.7 2.0 105.5 2.5 104.2 1.2 109.1 0.3 
99 104.1 2.2 107.4 2.1 103.7 1.4 107.4 1.1 
100 109.1 2.0 106.1 2.3 108.6 1.0 106.3 1.1 
101 108.9 2.1 109.0 2.3 109.8 1.2 106.0 1.3 
102 104.6 2.1 107.7 2.0 107.9 1.2 108.9 1.0 
103 106.5 2.4 104.5 2.0 105.5 1.2 108.2 1.0 
104 101.4 2.3 95.3 2.4 105.7 1.3 104.2 1.0 
105 103.2 2.2 101.5 2.2 105.1 1.4 103.3 1.5 
106 103.5 2.1 100.0 2.1 105.7 1.3 109.1 1.2 
107 106.2 2.2 102.1 2.3 103.9 1.4 105.0 1.4 
108 104.3 2.1 99.8 2.3 108.7 1.1 102.8 1.4 
109 98.7 2.1 97.2 2.3 107.0 1.2 104.4 1.0 
110 100.4 2.3 97.4 2.3 103.9 1.2 108.6 1.0 
111 98.5 2.2 101.6 2.2 104.8 1.3 99.0 1.4 
112 69.6 2.4 69.0 2.4 68.8 1.3 71.2 1.2 
113 62.1 2.7 67.2 2.7 76.2 1.2 73.0 1.1 
114 65.2 2.5 68.6 2.5 70.7 1.2 68.0 1.3 
115 69.7 2.6 62.6 2.6 71.3 1.2 69.3 1.1 
116 62.8 2.4 66.2 2.6 71.7 1.4 75.0 1.3 
117 66.7 2.5 65.1 2.7 69.0 1.2 71.2 1.2 
118 67.0 2.5 69.9 2.4 66.0 1.2 70.2 1.6 
119 67.2 2.4 69.4 2.5 71.1 1.4 72.9 1.5 
120 65.1 2.5 69.3 2.5 66.8 1.3 64.0 1.6 
121 65.4 2.5 71.5 2.4 71.7 1.2 68.0 1.2 
122 65.5 2.7 64.7 2.4 73.5 1.2 76.5 1.3 
123 66.2 2.5 63.6 2.7 69.9 1.3 72.8 1.5 
124 66.0 2.4 63.7 2.5 72.4 1.2 71.7 1.5 
125 63.6 2.8 64.7 2.6 70.4 1.3 68.1 1.1 
126 68.5 2.4 69.3 2.4 64.8 1.2 68.4 1.3 
127 62.3 2.5 66.2 2.8 72.6 1.4 68.9 1.2 
