Pedestal charge parameters
Channel Mean_HG_ping Sigma_HG_ping Mean_HG_pong Sigma_HG_pong Mean_LG_ping Sigma_LG_ping Mean_LG_pong Sigma_LG_pong
0 79.3 2.5 74.8 2.5 83.3 1.2 80.5 1.0 
1 79.9 2.1 81.8 2.3 86.0 1.2 94.0 1.3 
2 85.4 2.0 82.7 2.1 81.3 1.2 89.8 1.3 
3 80.0 2.2 79.2 2.2 86.2 1.1 84.7 0.9 
4 79.3 2.1 81.9 2.4 84.8 1.1 87.1 1.0 
5 78.8 2.0 77.3 2.0 80.4 1.1 84.1 1.0 
6 78.0 2.4 81.9 2.3 84.9 1.1 86.9 1.1 
7 84.6 2.0 81.2 2.2 83.8 1.1 80.3 1.0 
8 78.8 2.4 80.9 2.2 88.1 1.1 83.2 1.4 
9 78.3 2.0 73.2 2.2 86.2 1.3 83.1 1.3 
10 76.8 2.1 76.1 2.2 90.0 1.2 86.6 1.4 
11 80.4 2.1 79.9 2.3 87.3 1.1 76.7 1.2 
12 84.2 2.1 79.7 2.2 89.0 1.4 86.3 1.5 
13 76.2 2.2 69.6 2.1 84.9 1.1 87.0 1.0 
14 84.0 2.0 81.4 2.2 85.8 1.1 87.5 1.0 
15 77.0 2.1 73.5 2.3 80.3 1.3 82.7 1.1 
16 85.1 2.0 80.2 2.0 87.5 1.4 87.8 1.0 
17 73.2 2.2 76.0 2.0 79.0 1.2 79.8 1.0 
18 75.9 2.2 79.8 2.0 84.4 1.1 84.2 1.4 
19 79.5 2.1 76.8 2.1 87.1 1.3 89.5 1.4 
20 80.7 2.1 80.9 2.0 81.5 1.2 81.4 1.1 
21 73.1 2.3 85.6 2.1 84.9 1.1 88.4 1.3 
22 76.2 2.1 83.6 2.1 84.3 1.3 81.3 1.1 
23 80.2 2.0 79.5 2.3 93.1 1.4 90.4 1.5 
24 75.2 2.1 82.7 2.2 89.0 1.2 90.6 1.2 
25 81.0 2.1 78.0 2.3 89.8 1.2 92.0 1.0 
26 75.2 2.1 75.2 2.1 87.5 1.1 84.5 1.2 
27 72.9 2.3 78.3 2.4 80.9 1.1 85.3 1.4 
28 74.0 2.2 75.8 2.1 82.7 1.4 84.2 1.0 
29 79.1 2.1 75.9 2.4 78.1 1.2 79.8 1.1 
30 75.8 2.1 81.1 2.1 86.8 1.1 87.2 1.1 
31 75.3 2.2 73.4 2.3 84.8 1.1 89.3 1.3 
32 81.7 2.6 83.8 2.8 89.7 1.2 91.6 1.0 
33 76.4 2.6 85.5 2.4 84.2 1.1 91.0 1.3 
34 82.6 2.6 74.5 2.5 86.8 1.1 83.2 1.4 
35 81.0 2.2 82.2 2.3 91.1 1.1 89.3 1.0 
36 84.4 2.8 80.6 2.9 86.1 1.3 80.9 1.1 
37 80.4 2.4 83.2 2.3 89.9 1.2 91.9 1.0 
38 81.5 2.5 79.8 2.2 90.0 1.4 82.8 1.3 
39 81.3 2.2 77.5 2.2 86.8 1.1 85.1 1.0 
40 82.8 2.2 81.8 2.4 92.3 1.0 95.4 1.1 
41 77.6 2.4 78.4 2.6 86.9 1.1 84.0 1.1 
42 76.6 2.6 78.2 2.4 85.7 1.1 87.7 0.9 
43 76.9 2.4 80.2 2.3 82.9 1.2 80.8 1.0 
44 81.8 2.5 76.2 2.6 87.7 1.2 82.0 1.3 
45 83.2 2.4 75.9 2.2 85.8 1.1 87.6 0.9 
46 75.4 2.2 75.2 2.4 81.1 1.1 84.1 1.0 
47 76.4 2.3 76.9 2.1 76.5 1.1 85.7 1.2 
48 83.2 2.0 83.6 2.1 88.7 1.2 90.4 1.1 
49 86.7 2.0 85.3 2.0 91.9 1.2 97.7 1.4 
50 87.0 1.9 87.6 2.0 94.3 1.3 90.3 1.3 
51 83.0 2.2 83.9 2.2 90.7 1.3 87.8 1.1 
52 83.6 2.0 89.4 2.2 82.3 1.3 88.7 1.2 
53 88.6 2.2 83.2 2.3 94.7 1.2 92.1 1.1 
54 80.5 2.0 84.2 2.3 89.2 1.2 91.0 1.1 
55 83.8 2.3 88.4 2.2 86.9 1.2 95.1 1.2 
56 88.2 2.0 91.8 2.0 92.0 1.3 94.4 1.1 
57 82.8 2.1 79.7 2.2 91.2 1.1 89.5 1.1 
58 79.7 2.2 84.1 2.1 94.1 1.3 89.0 1.2 
59 81.1 2.3 87.0 2.1 89.3 1.2 91.6 1.0 
60 86.0 2.0 86.0 2.1 90.2 1.3 88.9 1.2 
61 87.6 2.3 88.5 2.2 86.0 1.4 89.0 1.5 
62 84.4 2.3 90.6 2.4 93.3 1.2 87.6 1.1 
63 76.8 2.5 83.8 2.4 94.7 1.2 91.2 1.2 
64 77.8 2.0 81.7 2.2 81.6 1.2 83.0 1.1 
65 84.3 2.0 82.4 2.0 89.8 1.2 87.7 0.9 
66 84.7 1.9 83.8 2.1 82.6 1.2 82.9 1.2 
67 79.7 2.1 79.3 2.2 82.2 1.2 80.7 1.0 
68 81.2 2.0 75.8 2.0 78.7 1.2 79.7 1.1 
69 81.2 2.0 83.6 2.2 82.2 1.2 84.2 1.0 
70 81.2 2.1 79.1 2.0 84.2 1.1 87.1 1.0 
71 72.6 2.2 75.5 2.0 77.4 1.2 80.0 1.0 
72 76.4 2.2 78.8 2.0 79.9 1.3 82.3 1.1 
73 81.3 2.1 80.9 2.2 81.9 1.3 73.9 1.2 
74 79.0 2.1 81.9 2.3 84.8 1.1 79.3 1.2 
75 77.0 2.3 79.6 2.0 88.1 1.1 83.5 1.3 
76 76.3 2.2 75.9 2.1 80.5 1.1 84.1 1.1 
77 77.0 2.1 82.8 2.2 89.0 1.4 84.7 1.0 
78 79.3 2.1 76.3 2.2 84.3 1.1 79.5 1.2 
79 74.3 2.0 75.3 2.1 79.3 1.2 83.1 1.1 
80 85.5 4.2 77.9 4.2 80.2 1.5 80.0 1.6 
81 70.4 2.6 75.8 2.6 88.7 1.5 84.7 1.0 
82 85.1 3.3 80.3 2.9 87.1 1.2 82.6 1.6 
83 76.3 2.4 80.4 2.3 85.2 1.3 78.7 1.2 
84 83.6 2.7 78.7 2.8 83.4 1.2 80.8 1.1 
85 75.3 2.1 76.3 2.2 82.1 1.3 81.4 1.1 
86 83.2 2.6 83.7 2.6 84.8 1.1 78.4 1.4 
87 81.7 2.3 77.0 2.3 85.0 1.4 81.5 1.1 
88 83.9 2.4 79.3 2.5 78.5 1.4 84.6 1.2 
89 74.6 2.2 72.0 2.3 79.5 1.2 79.7 1.1 
90 74.0 2.1 73.2 2.2 80.8 1.2 83.0 1.2 
91 79.9 2.2 76.5 2.4 85.8 1.2 87.3 1.1 
92 76.3 2.2 82.7 2.3 79.9 1.2 82.3 1.2 
93 79.5 2.1 80.0 2.4 76.3 1.2 73.3 1.1 
94 76.0 2.3 77.7 2.3 81.9 1.4 77.2 1.1 
95 82.9 2.2 77.6 2.4 89.6 1.4 83.6 1.2 
96 70.9 2.0 69.0 2.2 67.7 1.2 65.4 1.1 
97 70.2 2.0 69.7 2.0 72.1 1.1 70.0 1.5 
98 71.9 2.2 73.6 2.2 65.6 1.2 65.3 1.1 
99 71.7 2.0 71.2 1.9 68.5 1.1 70.6 1.1 
100 67.1 2.0 66.6 1.9 65.5 1.2 67.3 1.1 
101 68.4 1.9 67.2 2.0 74.0 1.2 75.6 1.1 
102 69.1 2.0 71.6 2.1 74.7 1.2 72.9 1.1 
103 71.4 1.9 69.4 1.9 65.8 1.2 67.9 1.0 
104 70.5 2.0 71.9 1.9 74.3 1.2 72.6 1.0 
105 67.5 1.9 64.7 2.0 72.4 1.1 74.4 1.0 
106 60.2 2.0 66.9 2.1 69.6 1.2 71.3 1.1 
107 67.5 1.9 67.9 2.0 68.0 1.1 65.8 1.1 
108 67.9 2.1 65.6 2.2 62.4 1.3 63.9 1.0 
109 67.4 2.0 69.8 2.1 67.5 1.2 65.5 1.2 
110 70.1 2.0 66.2 2.2 70.9 1.3 66.3 1.4 
111 60.3 1.9 62.1 2.0 67.6 1.4 68.8 1.4 
112 61.8 2.0 63.4 2.0 64.8 1.2 59.8 1.2 
113 69.7 2.0 63.3 2.0 66.7 1.2 64.5 1.0 
114 70.6 2.1 65.0 2.0 70.2 1.2 71.3 1.1 
115 64.0 2.1 61.0 2.3 65.5 1.3 65.6 1.2 
116 68.8 1.9 74.0 2.2 65.3 1.2 67.8 1.1 
117 65.5 2.0 64.7 2.2 71.9 1.1 69.9 1.1 
118 64.9 2.0 64.4 2.2 72.1 1.2 72.1 1.5 
119 65.8 1.9 66.8 2.1 70.1 1.2 71.9 1.0 
120 62.5 2.1 68.1 1.9 65.1 1.2 66.8 1.2 
121 65.4 1.9 65.8 2.0 68.2 1.2 73.6 1.5 
122 68.1 2.1 70.5 2.2 72.4 1.1 69.7 1.1 
123 63.0 1.9 63.0 1.9 74.3 1.3 70.2 1.3 
124 59.7 2.0 60.9 2.0 64.6 1.3 69.9 1.2 
125 60.0 2.1 63.4 2.0 70.0 1.3 73.9 1.3 
126 59.7 1.9 57.2 1.9 70.6 1.2 68.0 1.1 
127 68.5 2.0 64.5 2.0 71.4 1.2 68.9 1.1 
