Maximum charge in HG 
Channel_nb;  Charge_max_HG 
0 776
1 777
2 783
3 831
4 767
5 763
6 775
7 772
8 768
9 783
10 777
11 771
12 771
13 765
14 762
15 778
16 786
17 771
18 772
19 768
20 771
21 776
22 779
23 754
24 763
25 770
26 773
27 765
28 769
29 765
30 757
31 774
32 745
33 759
34 752
35 758
36 772
37 761
38 768
39 765
40 763
41 753
42 761
43 762
44 758
45 765
46 763
47 767
48 747
49 739
50 748
51 739
52 751
53 748
54 732
55 742
56 758
57 740
58 752
59 728
60 735
61 739
62 746
63 744
64 744
65 737
66 744
67 738
68 750
69 729
70 743
71 729
72 756
73 735
74 748
75 744
76 748
77 747
78 727
79 745
80 728
81 754
82 754
83 735
84 769
85 753
86 750
87 754
88 719
89 758
90 753
91 747
92 755
93 687
94 760
95 759
96 774
97 669
98 800
99 795
100 775
101 717
102 790
103 776
104 781
105 783
106 786
107 797
108 788
109 782
110 785
111 782
112 995
113 947
114 891
115 778
116 784
117 774
118 766
119 780
120 779
121 768
122 764
123 773
124 766
125 768
126 772
127 767
