Fine time information for HG/LG threshold at 520 DACu
Channel_nb fine_time_min fine_time_max 
0 36 946
1 30 939
2 42 950
3 35 985
4 27 944
5 33 955
6 27 925
7 41 991
8 31 949
9 39 943
10 32 937
11 30 985
12 49 959
13 27 948
14 15 930
15 34 998
16 5 925
17 31 927
18 27 932
19 28 928
20 14 989
21 15 913
22 17 929
23 28 923
24 15 921
25 26 944
26 29 933
27 21 912
28 23 989
29 15 950
30 22 907
31 25 941
32 37 997
33 5 903
34 26 925
35 24 925
36 19 920
37 24 924
38 15 918
39 18 913
40 22 911
41 22 916
42 21 957
43 28 993
44 23 919
45 15 947
46 26 919
47 25 936
48 21 915
49 27 945
50 23 925
51 15 916
52 15 905
53 13 980
54 11 930
55 20 922
56 9 895
57 27 911
58 18 920
59 24 915
60 21 906
61 25 913
62 15 907
63 22 919
64 18 919
65 21 923
66 8 927
67 23 920
68 7 930
69 18 914
70 11 926
71 13 917
72 16 933
73 16 931
74 18 915
75 16 928
76 11 915
77 18 925
78 11 918
79 15 914
80 8 923
81 20 917
82 12 914
83 17 919
84 19 925
85 21 919
86 14 930
87 25 967
88 19 919
89 17 928
90 19 926
91 14 915
92 26 923
93 20 935
94 26 933
95 25 933
96 19 982
97 23 936
98 31 929
99 30 939
100 12 910
101 27 999
102 14 919
103 7 937
104 26 930
105 23 971
106 21 912
107 26 947
108 12 921
109 24 922
110 22 980
111 7 971
112 29 927
113 40 939
114 32 938
115 38 941
116 37 938
117 35 939
118 37 933
119 26 927
120 27 937
121 34 933
122 40 929
123 36 945
124 21 913
125 36 942
126 35 927
127 52 945
