Maximum charge in HG 
Channel_nb;  Charge_max_HG 
0 959
1 772
2 773
3 771
4 769
5 766
6 777
7 767
8 763
9 770
10 771
11 754
12 772
13 767
14 777
15 768
16 769
17 766
18 763
19 753
20 769
21 769
22 767
23 765
24 749
25 765
26 763
27 762
28 761
29 772
30 759
31 756
32 731
33 765
34 756
35 754
36 757
37 757
38 761
39 764
40 753
41 758
42 746
43 770
44 754
45 756
46 759
47 756
48 800
49 801
50 798
51 792
52 799
53 788
54 786
55 801
56 792
57 785
58 804
59 798
60 769
61 799
62 797
63 793
64 760
65 767
66 767
67 767
68 769
69 739
70 809
71 777
72 764
73 768
74 764
75 772
76 784
77 771
78 763
79 771
80 777
81 782
82 768
83 779
84 787
85 768
86 771
87 788
88 785
89 784
90 783
91 780
92 783
93 751
94 768
95 800
96 858
97 772
98 796
99 841
100 788
101 700
102 760
103 798
104 793
105 788
106 807
107 773
108 805
109 780
110 799
111 803
112 732
113 751
114 754
115 733
116 751
117 747
118 741
119 733
120 759
121 749
122 747
123 760
124 750
125 745
126 751
127 755
