Maximum charge in HG 
Channel_nb;  Charge_max_HG 
0 910
1 815
2 808
3 826
4 813
5 804
6 812
7 818
8 819
9 809
10 797
11 798
12 803
13 799
14 811
15 816
16 784
17 787
18 790
19 788
20 802
21 794
22 807
23 803
24 790
25 794
26 801
27 784
28 802
29 793
30 793
31 796
32 792
33 794
34 798
35 799
36 799
37 795
38 801
39 788
40 797
41 792
42 792
43 797
44 800
45 796
46 797
47 792
48 769
49 776
50 776
51 773
52 769
53 778
54 756
55 770
56 771
57 771
58 775
59 766
60 756
61 776
62 767
63 769
64 939
65 764
66 764
67 759
68 761
69 757
70 767
71 765
72 769
73 753
74 757
75 763
76 770
77 766
78 748
79 763
80 779
81 781
82 777
83 780
84 785
85 772
86 770
87 783
88 745
89 783
90 779
91 785
92 774
93 756
94 780
95 795
96 768
97 689
98 763
99 764
100 763
101 728
102 725
103 758
104 770
105 764
106 747
107 749
108 765
109 740
110 763
111 776
112 976
113 1013
114 1005
115 988
116 751
117 755
118 744
119 756
120 754
121 752
122 747
123 760
124 756
125 743
126 755
127 767
