Pedestal charge parameters
Channel Mean_HG_ping Sigma_HG_ping Mean_HG_pong Sigma_HG_pong Mean_LG_ping Sigma_LG_ping Mean_LG_pong Sigma_LG_pong
0 89.0 2.7 96.2 2.6 96.8 1.2 99.5 1.1 
1 84.0 2.7 85.5 2.6 89.2 1.3 92.1 1.2 
2 91.1 2.5 87.9 2.4 98.4 1.4 96.5 1.1 
3 92.3 2.5 88.5 2.5 95.3 1.3 93.3 1.2 
4 93.4 2.6 98.5 2.7 95.1 1.3 92.1 1.2 
5 89.4 2.4 92.0 2.6 98.0 1.2 100.3 1.3 
6 86.1 2.6 88.2 2.7 92.1 1.2 95.0 1.2 
7 91.8 2.5 86.4 2.5 100.6 1.2 104.1 1.1 
8 92.7 2.8 89.0 2.7 96.1 1.2 93.6 1.2 
9 91.2 2.6 84.6 2.7 92.5 1.3 96.4 1.2 
10 80.4 2.9 85.6 2.6 89.8 1.3 91.7 1.2 
11 87.5 2.9 88.9 2.6 96.7 1.3 90.4 1.4 
12 89.1 2.6 93.3 2.5 92.5 1.2 95.4 1.2 
13 90.0 2.8 88.3 2.6 96.3 1.2 93.7 1.1 
14 86.6 2.8 89.8 2.5 88.7 1.5 88.3 1.2 
15 93.4 2.8 91.1 2.5 93.6 1.3 95.0 1.2 
16 71.6 2.7 70.1 2.3 76.0 1.3 73.7 1.2 
17 66.1 2.6 71.6 2.6 73.2 1.3 77.0 1.5 
18 71.5 2.7 71.4 2.4 77.9 1.3 80.7 1.6 
19 74.0 2.5 68.2 2.5 76.5 1.3 69.9 1.4 
20 74.2 2.5 73.7 2.5 80.6 1.3 77.5 1.2 
21 74.7 2.8 69.7 2.6 78.6 1.4 73.4 1.5 
22 70.2 2.5 71.8 2.5 70.9 1.4 77.0 1.3 
23 67.3 2.7 69.9 2.4 73.3 1.3 75.5 1.2 
24 67.5 2.5 72.9 2.5 75.6 1.3 73.5 1.2 
25 69.4 2.5 66.9 2.6 75.6 1.5 79.8 1.2 
26 67.9 2.4 72.8 2.4 78.7 1.3 76.5 1.2 
27 61.0 2.6 63.0 2.7 80.4 1.2 76.7 1.2 
28 74.7 2.4 70.6 2.5 78.8 1.3 73.4 1.2 
29 67.6 2.6 69.8 2.6 81.9 1.4 76.9 1.3 
30 69.2 2.7 66.2 2.7 81.2 1.4 77.8 1.1 
31 61.9 2.4 65.2 2.4 74.7 1.5 77.8 1.4 
32 82.7 3.1 75.7 2.8 86.8 1.2 85.0 1.1 
33 79.3 2.5 73.6 2.6 90.0 1.2 92.3 1.1 
34 78.0 2.5 81.8 2.8 83.2 1.5 87.2 1.1 
35 77.8 2.5 76.7 2.3 82.5 1.2 80.9 1.1 
36 80.1 3.0 78.0 2.8 84.4 1.1 81.4 1.1 
37 77.4 2.6 84.1 2.2 91.1 1.3 86.2 1.1 
38 74.0 2.6 73.7 2.9 90.9 1.3 85.0 1.2 
39 79.2 2.4 75.6 2.4 82.8 1.5 84.9 1.5 
40 87.3 2.5 83.8 2.5 86.2 1.2 84.6 1.2 
41 73.6 2.7 81.3 2.5 88.2 1.2 88.1 1.1 
42 69.2 2.7 71.3 2.6 87.8 1.2 82.5 1.4 
43 80.7 2.3 77.0 2.3 87.4 1.2 85.5 1.2 
44 75.6 2.8 71.8 2.8 88.1 1.1 84.0 1.2 
45 79.2 2.3 83.3 2.3 85.7 1.2 87.3 1.1 
46 77.3 2.4 78.0 2.4 89.8 1.3 91.9 1.1 
47 81.1 2.5 81.7 2.5 83.8 1.3 87.7 1.1 
48 72.2 1.9 67.8 2.0 82.4 1.2 73.2 1.3 
49 79.3 2.0 69.0 2.0 79.6 1.1 75.5 1.5 
50 67.8 1.9 70.1 2.1 79.6 1.1 75.6 1.2 
51 74.3 2.0 70.3 2.2 76.7 1.1 79.6 1.1 
52 75.5 2.1 74.5 2.1 78.6 1.2 79.8 1.0 
53 72.3 2.0 73.1 2.3 79.6 1.1 77.6 1.1 
54 69.1 1.9 70.4 1.9 80.1 1.1 77.6 1.1 
55 75.7 2.1 72.8 2.0 77.2 1.2 71.2 1.3 
56 77.4 2.1 74.3 2.1 76.7 1.1 76.3 1.1 
57 73.1 1.9 74.8 2.0 76.5 1.1 77.3 1.5 
58 71.9 2.0 70.1 2.0 76.0 1.1 72.7 1.1 
59 69.0 2.2 71.9 2.1 71.4 1.2 75.7 1.1 
60 65.3 2.1 63.1 2.0 72.2 1.1 77.4 1.3 
61 65.4 2.1 67.4 2.3 75.7 1.1 72.1 1.1 
62 66.7 2.3 69.3 2.1 72.2 1.1 76.1 1.1 
63 62.4 2.3 71.6 2.3 79.5 1.3 77.7 1.1 
64 72.8 2.0 73.8 2.0 77.7 1.2 77.4 1.2 
65 77.2 1.9 83.5 2.0 79.3 1.2 75.5 1.4 
66 71.0 2.2 78.2 1.9 73.2 1.3 78.9 1.2 
67 79.6 1.9 75.7 2.0 78.6 1.4 74.1 1.5 
68 73.8 2.1 77.0 2.0 77.6 1.2 79.4 1.1 
69 79.8 1.9 73.9 2.4 81.1 1.2 80.5 1.1 
70 71.5 2.0 76.0 2.1 79.8 1.4 82.7 1.0 
71 79.7 2.1 80.9 1.9 77.5 1.4 78.8 1.1 
72 76.5 1.9 74.2 2.0 77.0 1.5 75.7 1.1 
73 70.3 2.0 76.3 2.0 77.2 1.4 74.0 1.2 
74 75.0 2.2 73.7 1.9 73.4 1.3 75.5 1.2 
75 70.5 2.0 69.3 2.0 77.5 1.2 79.0 1.1 
76 76.5 1.9 75.7 2.2 79.5 1.4 80.2 1.0 
77 80.6 2.1 76.0 2.0 75.8 1.2 81.7 1.3 
78 76.2 1.9 75.2 2.0 76.4 1.4 73.7 1.1 
79 78.5 1.9 77.1 1.9 81.6 1.3 85.2 1.3 
80 93.1 3.8 92.8 3.7 92.8 1.2 96.2 1.1 
81 90.3 2.5 87.7 2.2 100.7 1.2 97.9 1.1 
82 94.0 2.7 93.1 2.7 102.1 1.4 99.7 1.0 
83 96.5 2.2 93.1 2.0 96.6 1.1 98.9 1.1 
84 89.5 2.4 91.5 2.4 93.8 1.2 96.3 1.5 
85 92.4 1.9 88.8 2.0 92.1 1.1 95.2 1.1 
86 92.7 2.4 89.5 2.3 99.4 1.2 97.1 1.1 
87 88.0 1.9 90.1 1.9 95.7 1.2 92.7 1.1 
88 90.8 2.1 88.8 2.1 96.5 1.2 92.8 1.1 
89 91.4 1.9 91.2 1.9 91.2 1.4 93.2 1.5 
90 92.3 1.9 91.8 2.2 97.7 1.4 92.5 1.1 
91 90.0 1.9 92.5 1.9 90.0 1.3 92.0 1.1 
92 92.6 2.1 88.4 2.0 96.3 1.2 92.5 1.0 
93 91.6 2.0 89.0 1.9 91.1 1.2 89.3 1.0 
94 83.2 2.0 88.8 2.2 88.8 1.2 94.4 1.4 
95 88.0 2.0 90.4 2.0 96.2 1.1 94.4 1.1 
96 83.8 2.2 84.2 2.2 82.4 1.4 84.3 1.3 
97 83.0 2.1 80.3 2.2 81.7 1.5 80.0 1.5 
98 83.2 2.2 80.5 2.1 85.1 1.3 80.7 1.1 
99 77.9 2.2 86.1 2.2 78.5 1.2 77.0 1.1 
100 81.1 2.3 82.1 2.1 80.8 1.1 83.8 1.1 
101 74.5 2.3 77.5 2.2 83.7 1.3 87.3 1.1 
102 78.7 2.4 80.4 2.1 82.0 1.2 83.7 1.1 
103 87.5 2.4 82.1 2.1 84.5 1.2 89.0 1.3 
104 82.3 2.4 84.5 2.1 81.9 1.2 81.1 1.2 
105 75.3 2.1 76.2 2.2 73.8 1.2 75.3 1.1 
106 82.7 2.3 80.3 2.4 89.9 1.4 82.6 1.4 
107 74.3 2.4 77.2 2.3 81.7 1.4 84.8 1.2 
108 77.6 2.1 80.1 2.2 81.6 1.2 81.5 1.1 
109 77.4 2.3 75.7 2.2 79.6 1.3 84.2 1.1 
110 77.5 2.4 82.1 2.3 91.3 1.3 85.3 1.2 
111 80.5 2.2 86.3 2.2 80.6 1.1 83.2 1.2 
112 78.7 2.1 80.5 1.9 87.0 1.1 85.0 1.0 
113 81.9 1.8 80.1 2.1 79.2 1.2 87.4 1.0 
114 85.9 2.0 82.5 1.9 86.7 1.1 84.7 1.0 
115 77.6 1.9 80.8 2.0 84.8 1.1 86.7 0.9 
116 79.7 2.1 82.5 2.2 79.8 1.1 76.5 1.0 
117 80.3 1.9 82.9 1.9 83.7 1.1 80.5 1.1 
118 81.9 1.8 82.0 2.2 91.1 1.2 87.8 1.3 
119 80.3 1.8 79.5 1.9 85.4 1.1 87.0 1.0 
120 74.8 2.0 82.4 2.0 85.9 1.1 88.2 1.0 
121 80.8 1.8 82.5 1.9 89.3 1.2 84.4 1.1 
122 81.8 2.0 78.8 2.0 81.6 1.3 78.3 1.3 
123 79.3 1.9 77.4 2.0 80.7 1.1 85.4 1.2 
124 76.8 1.9 74.2 1.9 80.0 1.1 85.2 1.2 
125 83.7 2.0 75.8 1.9 86.6 1.2 76.8 1.2 
126 79.8 1.9 76.7 1.9 77.6 1.2 80.2 1.1 
127 74.2 1.8 78.6 1.9 83.3 1.2 80.9 1.1 
