Fine time information for HG/LG threshold at 520 DACu
Channel_nb fine_time_min fine_time_max 
0 32 949
1 41 944
2 47 951
3 42 955
4 40 949
5 43 937
6 41 992
7 44 939
8 37 927
9 52 951
10 37 932
11 40 943
12 25 921
13 50 944
14 47 939
15 49 952
16 18 976
17 10 919
18 10 920
19 11 924
20 8 916
21 12 920
22 12 913
23 18 926
24 8 912
25 10 909
26 10 926
27 11 923
28 8 906
29 11 923
30 15 921
31 10 937
32 44 935
33 47 955
34 39 939
35 43 943
36 54 982
37 53 957
38 53 946
39 41 947
40 47 937
41 47 936
42 49 948
43 51 949
44 32 963
45 51 940
46 49 970
47 53 958
48 53 960
49 44 959
50 43 957
51 58 963
52 35 939
53 57 949
54 57 954
55 59 960
56 57 949
57 57 951
58 47 953
59 60 955
60 55 955
61 57 951
62 56 959
63 49 957
64 28 933
65 30 940
66 37 944
67 39 937
68 35 933
69 35 947
70 25 943
71 28 937
72 29 927
73 33 936
74 34 932
75 36 938
76 35 934
77 34 943
78 32 934
79 34 945
80 39 963
81 47 971
82 32 976
83 41 956
84 43 960
85 42 956
86 32 951
87 25 970
88 37 948
89 45 961
90 28 953
91 38 953
92 37 944
93 34 952
94 42 953
95 47 964
96 39 938
97 47 955
98 37 951
99 36 938
100 43 944
101 41 942
102 38 932
103 34 947
104 37 936
105 46 947
106 35 942
107 37 934
108 42 952
109 28 935
110 48 937
111 50 948
112 27 954
113 33 930
114 25 929
115 19 935
116 23 926
117 32 935
118 31 927
119 34 935
120 26 946
121 37 944
122 31 934
123 28 929
124 27 914
125 36 951
126 41 941
127 18 930
