Charge Calibration parameters for Preamplifier Gain of 20
Channel P1_HG_ping P1_err_HG_ping P0_HG_ping P0_err_HG_ping chi2_HG_ping P1_HG_pong P1_err_HG_pong P0_HG_pong P0_err_HG_pong chi2_HG_pong Entries_LG_ping P1_LG_ping Entries_LG_pong P1_LG_pong 
 0  127.2  3.1  -3.5  2.8  59.3  127.5  1.4  1.4  1.2  11.3  5976  15.32  5972  13.8493 
 1  135.2  3.5  -8.8  3.0  63.7  142.2  4.6  -9.1  3.0  26.8  3333  13.7935  3342  14.3686 
 2  116.5  1.6  4.1  1.3  13.9  117.8  2.2  -1.5  1.8  24.8  585  13.9754  599  14.4341 
 3  121.6  2.3  -0.6  2.1  33.6  121.3  2.1  -0.3  1.9  27.0  4115  14.5524  4084  13.6351 
 4  121.8  3.5  3.9  3.7  112.8  122.4  1.2  -0.6  1.3  12.9  6016  12.716  6010  12.5264 
 5  124.4  2.8  3.4  2.0  30.6  124.5  1.8  -1.8  1.3  10.9  5991  12.8233  6005  12.699 
 6  120.4  2.2  0.6  1.8  25.7  127.9  1.0  -4.7  0.8  4.7  0 0 0 0
 7  131.2  4.5  -5.0  5.5  238.6  121.7  2.5  0.8  2.6  30.2  288  14.6302  288  14.216 
 8  125.5  2.1  -2.5  1.4  14.3  128.8  1.9  -4.7  1.3  12.5  0 0 0 0
 9  128.5  0.7  -7.1  0.6  2.8  122.0  1.3  1.8  1.1  8.6  4616  14.4208  4645  14.6239 
 10  120.5  2.0  -0.9  2.2  36.1  122.8  1.4  -0.9  1.5  17.9  6087  13.9036  6086  14.351 
 11  119.0  1.7  1.1  1.3  13.6  126.2  1.4  1.6  1.0  7.8  0 0 0 0
 12  122.5  3.6  -0.6  2.3  38.9  119.5  2.3  0.8  1.5  16.3  0 0 0 0
 13  119.2  1.8  1.2  1.1  10.1  122.0  3.7  -2.9  2.4  38.8  5989  14.6943  5999  14.7697 
 14  121.8  3.2  -3.7  2.6  47.2  127.5  2.2  -1.9  1.7  21.7  0 0 0 0
 15  124.7  3.5  -3.0  3.3  80.9  121.8  1.6  -0.9  1.5  16.6  1062  14.7564  1008  14.2331 
 16  127.6  6.8  7.5  8.1  561.2  121.0  3.5  1.2  4.5  159.4  4892  13.779  4839  14.2516 
 17  130.4  2.9  -8.4  3.6  95.6  128.6  4.6  1.4  5.5  239.2  1182  13.5716  1212  13.5626 
 18  123.8  5.0  -3.1  5.3  214.5  128.2  2.5  -1.1  2.5  50.1  474  13.4103  526  13.5203 
 19  124.7  2.0  -1.6  1.9  28.0  122.5  1.1  0.7  1.0  7.3  0 0 0 0
 20  130.0  3.8  -1.5  3.0  70.6  120.4  4.4  -1.3  3.6  93.9  610  13.2804  572  14.1288 
 21  114.0  2.5  4.0  2.7  60.2  123.3  2.3  10.9  2.2  44.6  4434  14.5384  4407  13.9123 
 22  121.4  2.8  2.9  2.5  53.7  126.3  1.4  2.4  1.2  10.9  254  12.8724  261  14.3559 
 23  124.1  4.0  3.6  2.9  63.2  126.0  1.3  0.7  0.9  5.7  0 0 0 0
 24  125.8  2.8  0.3  3.6  99.7  131.3  3.4  -2.1  4.3  138.1  6017  14.3208  6012  13.9936 
 25  121.3  3.5  4.9  4.8  189.0  121.4  0.9  3.4  1.2  12.5  5783  14.6836  5778  14.7012 
 26  122.6  2.5  0.5  2.5  48.8  125.4  2.0  1.6  1.9  29.0  276  12.925  287  13.409 
 27  129.2  4.3  -4.0  3.7  95.9  130.0  4.6  -2.6  4.0  112.5  6001  14.9589  5991  14.7364 
 28  124.4  2.5  0.4  3.0  71.9  124.9  1.6  0.1  2.0  30.9  1454  13.6107  1422  14.2333 
 29  122.4  1.4  1.8  1.0  7.5  123.7  4.2  4.9  2.8  58.3  0 0 0 0
 30  124.4  4.5  -2.0  3.3  76.1  135.8  3.1  -5.3  2.1  23.0  0 0 0 0
 31  129.3  2.8  -3.2  2.7  55.5  123.0  3.7  -1.5  3.6  95.0  4782  14.7531  4794  14.7062 
 32  124.0  1.7  -1.4  1.5  16.7  122.1  1.7  -1.5  1.5  17.2  0 0 0 0
 33  124.8  3.0  1.0  4.0  132.2  120.0  1.5  3.0  1.9  29.6  0 0 0 0
 34  116.5  5.4  6.0  8.3  574.1  127.2  1.3  -1.8  1.9  29.0  463  14.0176  468  12.1005 
 35  125.6  2.9  -2.2  2.7  56.6  121.2  3.3  5.0  3.2  59.2  0 0 0 0
 36  118.3  3.1  -2.3  4.7  102.7  120.9  2.1  2.5  3.8  120.1  1303  12.4081  1271  13.0966 
 37  125.4  2.7  0.8  4.9  195.5  135.5  3.3  -11.9  5.9  274.5  5917  14.9822  5918  14.5603 
 38  121.8  2.9  1.2  4.4  152.1  120.4  2.0  -0.3  3.0  71.1  1090  13.1142  1119  13.6091 
 39  120.3  1.2  4.7  1.3  14.6  119.6  3.6  -5.5  4.3  132.2  581  13.7784  536  12.7992 
 40  122.7  1.9  0.3  2.5  48.3  120.7  1.0  -0.1  1.3  12.9  0 0 0 0
 41  127.4  3.0  -7.3  2.5  42.7  125.0  5.1  2.2  3.9  109.5  0 0 0 0
 42  120.6  2.1  5.4  2.8  68.0  121.7  3.6  6.8  4.8  195.9  0 0 0 0
 43  124.1  1.9  0.9  2.4  47.1  123.8  1.1  0.1  1.4  15.6  0 0 0 0
 44  121.3  2.0  -1.9  2.1  34.2  116.3  3.8  2.5  4.0  129.1  0 0 0 0
 45  123.7  2.9  0.1  3.9  116.5  124.6  1.5  -2.9  2.1  35.2  5869  14.557  5885  14.5802 
 46  123.3  2.7  -2.1  3.4  94.1  121.9  1.5  1.1  1.8  26.4  4902  14.2821  4914  13.8323 
 47  118.6  2.1  7.6  2.7  61.1  128.0  4.5  -5.4  6.1  260.2  517  14.1202  527  13.4227 
 48  127.1  0.6  -2.1  1.0  7.5  120.6  2.0  6.0  3.3  91.0  5928  14.0842  5943  14.5931 
 49  118.4  2.7  9.7  3.7  115.3  122.7  1.6  3.7  2.2  40.8  2669  14.4583  2545  13.5958 
 50  114.9  2.6  11.9  3.7  122.5  117.2  1.5  5.6  2.2  42.8  2422  13.9683  2452  14.6366 
 51  122.7  2.6  4.8  4.1  140.1  121.9  1.4  3.1  2.2  40.3  3306  12.897  3411  12.763 
 52  124.7  1.5  -1.8  2.1  33.8  120.7  2.4  6.4  3.2  83.4  5026  14.1105  5044  13.6771 
 53  125.3  1.3  8.2  1.8  28.7  126.3  0.7  0.4  1.0  7.8  445  13.8568  461  14.1125 
 54  120.1  1.6  1.4  1.8  25.4  125.0  0.8  -0.1  0.9  5.7  5995  14.3469  5987  13.986 
 55  125.5  3.2  4.1  4.1  141.2  124.0  3.7  1.2  5.0  201.4  268  13.2653  283  14.5029 
 56  113.0  6.1  13.2  9.8  834.8  130.5  3.2  -5.3  5.1  212.2  844  13.3114  833  14.769 
 57  119.0  1.4  1.9  1.7  23.0  118.8  2.3  2.3  1.8  7.3  5972  13.7012  5959  14.1267 
 58  124.2  1.5  1.1  2.7  58.7  129.0  3.6  0.1  6.0  293.2  3904  13.4305  3819  13.3908 
 59  125.5  1.1  4.7  1.5  19.9  128.5  2.2  -1.2  3.2  79.2  5446  14.2663  5471  14.3723 
 60  114.1  8.3  16.0  14.0  1636.8  116.2  5.0  3.6  8.8  652.8  6004  13.7024  5985  14.1711 
 61  117.7  3.0  6.0  4.2  143.5  125.1  1.0  0.1  1.3  14.3  0 0 0 0
 62  125.8  2.5  -5.9  3.4  90.1  119.8  2.2  2.6  2.8  65.2  510  13.8084  509  13.8791 
 63  124.9  1.1  -2.4  1.2  11.9  121.1  0.9  2.6  1.0  7.3  501  14.4578  509  13.9197 
 64  125.8  1.4  2.4  1.1  4.9  127.9  6.0  1.6  3.7  28.0  0 0 0 0
 65  135.3  3.5  -3.9  2.9  34.8  122.3  5.2  3.0  4.3  82.5  2534  14.4576  2669  13.6579 
 66  123.6  1.9  -0.0  1.3  7.6  121.4  2.0  4.4  1.4  8.9  0 0 0 0
 67  116.9  2.1  3.6  1.7  12.4  129.1  5.9  -3.2  4.6  83.9  0 0 0 0
 68  127.1  1.9  -1.5  1.4  8.7  120.2  5.0  2.9  3.9  67.3  5682  14.6  5660  14.6963 
 69  124.5  2.6  0.3  1.7  11.5  121.4  1.9  0.6  1.3  6.3  0 0 0 0
 70  127.7  2.0  0.4  1.3  6.4  130.3  2.8  4.0  1.7  12.0  6011  15.2468  6009  15.1119 
 71  134.3  3.3  -3.7  2.6  28.9  126.8  1.4  1.1  1.1  5.5  6099  15.2236  6079  15.1226 
 72  118.7  4.8  6.1  3.7  62.9  130.8  3.4  -2.4  2.6  26.9  1372  13.8348  1423  13.7201 
 73  131.1  1.6  -2.6  1.1  4.8  126.4  8.5  2.3  5.9  144.0  6044  15.0704  6037  15.1501 
 74  127.2  4.1  0.6  2.9  35.1  130.5  7.5  1.0  5.2  118.6  0 0 0 0
 75  127.8  5.2  1.4  4.0  69.3  128.9  6.0  -1.4  4.7  94.5  3435  14.7205  3431  14.4387 
 76  119.9  2.1  2.9  1.5  10.1  129.0  2.4  0.0  1.7  12.5  2838  13.8731  2763  14.6394 
 77  122.6  2.8  2.3  2.1  20.4  130.6  2.2  -0.2  1.6  11.5  3591  14.459  3565  14.7126 
 78  131.3  3.6  -0.1  1.8  12.9  119.3  6.8  1.6  3.6  53.3  5984  15.8393  5988  14.3489 
 79  129.7  1.8  -2.0  1.3  7.0  124.0  5.6  -3.5  4.1  62.9  1480  14.0626  1503  14.1744 
 80  121.2  2.4  3.7  1.9  31.1  123.4  3.2  3.5  2.6  53.8  0 0 0 0
 81  119.0  2.2  1.1  1.6  19.7  124.5  2.8  -2.0  1.9  27.5  3531  13.2973  3506  13.5742 
 82  124.2  2.8  1.3  2.2  39.9  124.6  5.7  2.6  4.4  154.5  307  13.0621  276  13.1604 
 83  127.1  1.1  -0.3  1.1  9.6  121.4  1.0  -1.1  0.9  7.2  246  12.9673  229  14.5137 
 84  121.3  1.7  1.7  1.7  24.6  120.0  1.2  4.2  1.0  4.6  698  13.1712  751  13.5954 
 85  125.3  2.3  0.4  2.1  37.9  125.0  3.7  2.2  2.8  38.4  0 0 0 0
 86  123.1  2.4  2.4  1.8  27.6  122.8  2.7  -3.3  2.1  33.5  6011  14.4759  5999  13.993 
 87  126.0  1.6  2.8  1.7  25.5  123.7  2.1  2.3  2.3  43.9  0 0 0 0
 88  119.7  2.7  1.8  1.9  29.8  125.0  1.9  -1.2  1.4  14.8  0 0 0 0
 89  123.3  2.5  1.3  2.3  46.7  122.6  0.9  2.6  0.9  6.6  4573  14.0101  4574  14.1642 
 90  121.9  2.8  3.5  2.7  57.4  126.5  2.2  -3.6  1.8  14.1  0 0 0 0
 91  126.6  1.5  0.9  1.3  13.6  123.2  1.6  1.5  1.4  14.9  0 0 0 0
 92  116.6  4.7  1.4  5.2  213.8  111.7  3.8  8.3  3.1  47.3  3251  14.8384  3221  13.2735 
 93  120.5  3.6  -0.1  2.5  49.1  125.9  3.9  -1.8  2.2  19.5  0 0 0 0
 94  131.5  3.8  0.1  3.2  76.2  120.7  1.6  1.5  1.4  14.3  0 0 0 0
 95  119.4  3.7  3.3  3.5  103.0  130.4  0.4  -0.9  0.3  0.8  618  13.4591  619  14.4175 
 96  122.8  2.4  -0.1  1.6  19.7  131.3  4.5  1.9  2.7  65.0  5840  14.3909  5881  14.0518 
 97  131.1  2.9  -6.2  1.8  23.3  122.7  4.7  2.4  2.9  68.7  0 0 0 0
 98  126.6  1.9  -3.2  1.1  10.5  129.5  2.7  -0.9  1.5  18.8  0 0 0 0
 99  125.6  1.5  0.9  1.3  14.0  126.3  0.8  0.7  0.7  4.3  0 0 0 0
 100  117.6  1.5  2.8  0.9  7.0  123.3  4.4  -2.7  2.7  56.6  0 0 0 0
 101  131.4  2.9  -2.3  1.9  31.9  122.6  3.1  0.1  2.1  34.6  0 0 0 0
 102  121.8  2.6  1.6  1.9  30.6  128.0  2.6  1.1  1.8  27.8  0 0 0 0
 103  122.5  2.2  2.2  1.4  16.1  123.9  3.0  -4.1  2.0  25.7  5978  15.1063  5985  14.1748 
 104  122.6  1.3  0.4  0.8  5.2  125.7  3.3  1.8  2.0  33.3  4238  14.7203  4317  13.2582 
 105  128.0  3.2  -5.1  2.2  39.1  136.1  6.5  0.3  4.1  135.1  0 0 0 0
 106  124.9  2.1  -1.6  1.6  21.4  130.5  2.5  0.3  1.8  28.5  6028  14.5  6034  14.9781 
 107  125.1  2.6  -2.4  2.2  38.3  126.1  3.1  2.9  2.4  50.0  0 0 0 0
 108  126.8  2.1  -1.6  1.6  19.3  126.2  1.6  -0.2  1.2  11.1  0 0 0 0
 109  126.7  3.6  2.0  2.4  44.2  131.4  3.7  -1.9  2.5  47.8  0 0 0 0
 110  125.1  2.2  1.5  1.8  27.6  141.8  2.3  -6.8  1.8  23.8  6027  15.0411  6032  14.8007 
 111  128.8  4.9  -2.6  3.4  85.3  124.0  5.5  3.5  3.7  112.5  0 0 0 0
 112  123.6  2.4  3.2  1.6  20.4  115.3  3.1  7.9  2.1  35.6  6029  11.6024  5996  11.8643 
 113  128.9  4.2  -2.2  4.5  97.9  122.8  2.0  0.1  2.7  63.6  5995  13.8949  5992  14.0966 
 114  118.5  1.3  3.6  1.1  10.9  116.3  1.5  6.2  1.3  13.9  731  12.3546  773  12.4301 
 115  122.7  6.2  1.4  6.4  198.6  117.2  5.1  5.8  6.4  358.4  5982  14.6032  5972  14.3472 
 116  124.1  3.6  2.1  2.7  63.9  123.3  5.3  0.2  4.0  124.8  6036  12.1462  6030  11.9006 
 117  124.7  2.0  1.7  2.5  51.8  117.5  3.3  6.3  4.0  134.3  6019  14.3052  6008  14.0942 
 118  122.1  5.1  0.7  3.8  118.7  128.7  4.0  -4.4  3.0  64.4  296  11.0504  251  12.8254 
 119  116.9  3.3  7.4  3.3  91.6  119.0  2.1  0.9  2.1  34.3  5989  13.8648  5976  14.3583 
 120  125.2  6.1  -1.6  3.4  54.1  114.3  3.4  6.4  2.3  43.0  3404  13.8072  3354  12.3651 
 121  118.3  2.9  4.7  2.4  46.5  118.0  2.2  6.7  1.7  24.6  6014  14.5427  5996  14.5483 
 122  123.0  1.5  1.6  1.2  12.5  122.9  1.2  0.2  1.0  8.4  5992  14.3549  6001  14.313 
 123  111.9  4.1  6.5  3.4  101.5  115.1  4.0  4.6  3.4  94.9  5458  14.9469  5528  14.4893 
 124  118.8  1.8  0.7  1.5  17.4  121.9  2.5  4.1  2.0  30.5  2998  13.9053  3046  13.8967 
 125  121.7  3.5  3.9  4.0  136.6  118.8  0.9  4.7  1.1  9.8  5857  14.3154  5839  14.28 
 126  121.7  2.1  -0.1  2.0  32.3  116.7  2.0  4.9  1.8  27.8  991  14.137  1007  13.3077 
 127  129.6  5.1  -2.1  6.1  284.0  120.6  1.5  5.6  1.8  26.8  2844  14.5384  2780  13.0008 
