Maximum charge in HG 
Channel_nb;  Charge_max_HG 
0 744
1 750
2 749
3 745
4 743
5 729
6 751
7 748
8 748
9 742
10 748
11 727
12 744
13 735
14 750
15 743
16 751
17 764
18 763
19 765
20 755
21 768
22 761
23 751
24 760
25 764
26 763
27 760
28 766
29 763
30 762
31 766
32 730
33 761
34 782
35 777
36 779
37 780
38 774
39 778
40 775
41 774
42 779
43 772
44 773
45 773
46 784
47 776
48 780
49 787
50 788
51 776
52 784
53 775
54 778
55 784
56 792
57 790
58 775
59 783
60 783
61 787
62 780
63 788
64 767
65 791
66 781
67 771
68 766
69 767
70 763
71 771
72 766
73 762
74 766
75 768
76 778
77 760
78 751
79 768
80 775
81 769
82 777
83 764
84 766
85 759
86 763
87 764
88 746
89 780
90 766
91 768
92 777
93 753
94 763
95 775
96 777
97 764
98 773
99 765
100 768
101 738
102 757
103 766
104 779
105 760
106 762
107 769
108 779
109 780
110 772
111 779
112 772
113 775
114 766
115 768
116 772
117 937
118 774
119 776
120 761
121 762
122 764
123 763
124 774
125 761
126 771
127 769
