Charge Calibration parameters for Preamplifier Gain of 20
Channel P1_HG_ping P1_err_HG_ping P0_HG_ping P0_err_HG_ping chi2_HG_ping P1_HG_pong P1_err_HG_pong P0_HG_pong P0_err_HG_pong chi2_HG_pong Entries_LG_ping P1_LG_ping Entries_LG_pong P1_LG_pong 
 0  122.6  2.6  -6.2  2.4  42.2  119.2  1.9  2.7  1.7  20.9  6044  13.7429  6064  13.3513 
 1  122.7  2.4  -4.0  2.0  30.0  139.6  3.2  -7.9  2.1  13.2  3130  13.9392  3166  12.984 
 2  120.4  2.1  1.9  1.7  24.7  119.5  3.4  -2.4  2.9  62.0  608  13.4972  674  12.9609 
 3  124.5  2.8  -1.4  2.5  49.3  119.8  1.5  -1.5  1.4  14.1  4069  13.6966  4002  13.4524 
 4  118.6  3.4  1.6  3.6  107.1  121.4  0.8  -3.0  0.8  5.5  5654  12.9531  5616  12.8427 
 5  118.4  1.3  1.4  0.9  6.8  123.0  1.8  -5.0  1.3  10.9  5974  13.6442  5955  13.5453 
 6  117.8  2.5  0.5  2.0  33.0  123.9  1.9  -3.1  1.5  15.5  0 0 0 0
 7  119.8  2.2  -0.1  2.6  55.3  117.2  2.2  0.8  2.3  23.8  267  13.9957  269  14.138 
 8  127.3  2.3  -3.4  1.5  17.8  125.8  1.8  -3.0  1.3  11.6  0 0 0 0
 9  125.4  3.0  -5.6  2.5  43.4  124.1  1.7  -0.7  1.4  14.4  4511  13.5907  4468  13.8948 
 10  121.4  2.2  -2.1  2.4  43.4  117.8  0.5  2.5  0.6  2.5  6143  13.6022  6166  13.5625 
 11  113.7  3.0  2.3  2.3  42.3  117.3  3.4  3.4  2.5  47.9  0 0 0 0
 12  128.4  4.3  -3.1  2.8  56.6  122.3  1.7  0.9  1.1  8.8  0 0 0 0
 13  115.5  3.3  3.8  2.1  32.9  121.2  2.2  -1.0  1.4  13.2  6064  13.7346  6066  13.9221 
 14  115.2  2.1  0.3  1.7  20.1  118.0  4.3  2.1  3.4  83.5  0 0 0 0
 15  120.2  4.4  -1.7  4.1  128.5  121.1  1.7  -0.7  1.6  18.8  950  13.7877  960  14.0698 
 16  131.2  5.5  2.9  6.6  364.6  117.4  3.2  -0.9  4.1  130.9  4562  13.9093  4591  14.0669 
 17  123.2  2.3  -2.7  2.9  61.1  125.0  3.5  3.2  4.2  137.4  1034  14.094  1037  13.9606 
 18  127.8  2.9  -7.7  3.0  71.3  127.5  2.9  -3.3  3.0  68.5  404  12.6468  383  14.0576 
 19  124.4  2.6  -1.2  2.5  47.5  126.3  0.7  4.1  0.7  3.6  0 0 0 0
 20  128.8  4.2  -2.7  3.3  89.9  116.8  3.0  1.5  2.5  43.6  455  14.0276  508  14.8792 
 21  114.2  3.8  4.3  4.2  139.0  126.7  1.9  10.2  1.9  31.4  3919  14.6913  3941  14.3736 
 22  115.4  3.6  7.5  3.3  90.3  126.2  1.2  0.7  1.1  9.1  0  0  0  0 
 23  130.8  3.4  -5.2  2.4  44.4  126.1  1.9  -0.8  1.3  12.5  0 0 0 0
 24  123.2  2.1  2.8  2.7  56.2  127.6  1.8  -0.1  2.2  35.8  6097  14.2208  6100  14.0452 
 25  120.8  2.5  8.1  3.4  96.2  125.0  1.9  1.2  2.6  52.9  5737  14.4178  5777  14.3016 
 26  127.9  1.9  -4.8  1.9  28.9  128.3  1.8  0.7  1.8  24.0  0  0  0  0 
 27  130.2  6.0  -4.3  5.1  189.9  121.9  5.0  0.5  4.3  132.2  6083  13.9627  6071  14.2093 
 28  125.3  2.7  1.1  3.2  81.2  125.7  2.1  0.2  2.6  52.3  1404  14.1742  1396  13.7499 
 29  128.4  2.8  -2.2  1.9  27.5  126.3  3.8  5.6  2.5  46.7  0 0 0 0
 30  117.0  2.7  0.2  2.0  27.3  122.9  4.5  2.3  3.2  62.8  0 0 0 0
 31  116.5  7.1  7.3  6.6  342.0  115.8  3.1  1.0  3.0  67.3  4615  14.4548  4600  13.9531 
 32  125.7  1.8  1.4  1.6  19.9  123.0  2.1  -2.1  1.9  24.9  0 0 0 0
 33  112.3  1.8  9.2  2.3  45.3  120.6  0.7  2.3  1.0  7.6  0 0 0 0
 34  113.8  2.9  9.1  4.5  166.6  126.2  3.1  -2.4  4.5  158.9  301  14.3816  299  12.12 
 35  124.7  1.7  -0.7  1.7  16.4  122.1  5.5  -1.2  5.3  164.6  0 0 0 0
 36  113.6  3.5  5.9  5.3  132.5  126.4  2.9  -4.4  5.3  235.3  1023  13.1436  1041  12.9622 
 37  120.2  3.8  1.7  6.8  389.0  138.8  5.0  -17.2  8.9  630.9  5916  13.6857  5898  13.7731 
 38  125.4  2.6  -2.9  3.9  119.7  121.5  3.4  -3.0  5.1  201.9  970  12.3997  991  13.1579 
 39  124.1  1.8  -2.4  2.0  33.6  120.2  2.7  -10.1  3.2  73.0  434  14.1947  429  12.4974 
 40  119.5  1.5  0.6  1.9  29.3  118.1  0.6  -3.7  0.8  4.5  0 0 0 0
 41  120.5  3.0  -3.4  2.4  41.6  126.5  4.1  -0.9  3.1  69.3  0 0 0 0
 42  120.5  2.4  1.6  3.2  86.8  122.3  5.8  1.1  7.6  502.6  0 0 0 0
 43  118.3  1.6  4.1  2.0  33.5  122.2  0.9  0.7  1.1  10.0  0 0 0 0
 44  123.5  1.1  -2.8  1.1  9.8  114.2  3.7  5.3  4.0  124.1  0 0 0 0
 45  129.1  4.9  -6.1  6.5  333.0  123.1  1.2  -4.7  1.6  21.8  5900  14.2257  5918  13.5756 
 46  116.9  1.5  2.8  1.8  26.6  117.8  0.9  3.3  1.1  10.5  4668  14.4099  4697  13.1668 
 47  130.4  5.0  -0.8  6.7  360.6  129.5  7.3  -13.8  9.9  690.5  402  12.7057  445  13.1812 
 48  123.5  1.6  3.0  2.5  51.6  122.5  1.3  6.6  2.2  39.6  5990  13.9602  6007  14.1841 
 49  124.4  2.6  5.8  3.4  101.7  123.8  1.3  2.5  1.7  25.3  2747  13.4572  2808  13.532 
 50  116.1  3.3  14.8  4.7  205.0  118.8  0.7  5.3  0.9  7.6  2472  14.5184  2445  13.6917 
 51  131.2  1.3  -1.0  2.0  32.8  125.3  1.7  -0.1  2.8  64.4  6083  11.9922  6096  11.9707 
 52  126.4  1.2  -1.3  1.7  21.9  130.0  2.3  -1.0  3.1  80.8  5049  13.7689  5122  14.153 
 53  122.0  0.8  8.7  1.0  9.1  124.3  1.4  2.4  1.9  31.0  404  14.7364  412  13.9803 
 54  121.7  1.2  2.2  1.4  15.7  124.9  1.2  -0.4  1.3  12.8  6078  13.9609  6075  14.2244 
 55  126.9  1.9  0.1  2.5  52.1  121.6  1.5  1.5  2.1  35.0  204  14.1934  203  14.7628 
 56  122.5  5.7  11.8  9.9  507.9  126.7  3.9  3.6  6.2  315.3  963  13.334  1035  14.3191 
 57  120.3  1.8  0.9  2.2  38.3  121.2  1.2  1.5  1.0  2.1  6039  13.9106  6045  13.6768 
 58  128.1  3.1  -1.9  5.4  238.5  129.4  6.3  3.1  10.5  914.0  6213  13.293  6236  13.2195 
 59  123.1  1.1  5.5  1.6  20.2  126.9  2.2  -3.3  3.2  81.7  5521  14.2433  5474  13.7931 
 60  130.4  2.7  0.1  4.6  80.7  116.2  3.4  4.5  6.3  200.8  6076  13.6054  6077  14.2228 
 61  126.4  0.9  -2.5  1.3  13.0  124.0  1.1  1.7  1.5  16.9  0 0 0 0
 62  130.0  2.4  -6.4  3.2  82.3  125.7  2.2  0.1  2.9  68.5  616  13.1722  525  14.0646 
 63  132.5  2.1  -5.5  2.3  40.3  126.0  1.7  0.1  1.8  26.9  449  14.4739  452  14.4964 
 64  124.2  1.7  4.1  1.3  13.1  125.0  4.5  3.9  2.6  30.0  0 0 0 0
 65  131.5  3.5  -1.9  2.6  56.5  121.7  2.8  2.8  2.2  38.2  2362  13.4987  2462  13.8049 
 66  124.9  1.5  1.2  1.0  8.1  124.6  1.5  4.1  1.0  8.0  0 0 0 0
 67  120.3  2.4  1.2  1.8  26.9  124.3  3.2  2.3  2.3  41.4  0 0 0 0
 68  125.2  1.6  -0.5  1.2  11.3  121.9  2.5  1.9  1.8  27.5  5648  14.115  5627  14.2872 
 69  122.3  2.8  1.8  1.7  21.3  119.2  0.9  3.0  0.6  2.5  0 0 0 0
 70  126.7  1.6  -1.0  1.0  6.4  130.7  2.6  2.1  1.5  16.8  6085  14.6644  6080  13.9838 
 71  130.2  2.8  1.2  2.1  34.1  125.6  1.4  1.7  1.1  9.7  6170  14.324  6155  14.613 
 72  121.6  2.8  2.8  2.0  34.9  119.9  2.6  3.2  1.8  24.8  1083  13.9059  1082  12.9276 
 73  128.7  1.9  -3.0  1.3  12.0  127.1  5.4  3.2  3.5  95.3  6132  14.4855  6106  14.2967 
 74  129.9  2.6  -1.5  1.7  22.4  130.3  4.9  0.7  3.2  80.5  0 0 0 0
 75  127.7  3.1  1.1  2.2  40.7  124.7  3.8  0.8  2.8  61.3  6149  14.0409  6125  13.8244 
 76  122.5  2.8  3.1  1.9  29.2  123.6  1.9  6.5  1.2  12.6  2488  14.0336  2553  15.1021 
 77  123.8  2.8  1.2  2.0  35.1  128.2  0.6  -1.1  0.4  1.3  6124  13.8253  6143  14.0563 
 78  133.8  2.8  2.5  1.3  12.5  122.9  7.2  3.3  3.6  90.9  6061  15.6816  6077  14.5589 
 79  128.4  1.6  -2.1  1.0  8.2  125.7  3.6  -2.9  2.5  42.5  1286  13.9159  1280  13.5996 
 80  120.9  1.5  2.7  1.2  12.4  124.6  1.9  0.4  1.5  18.2  0 0 0 0
 81  126.1  3.2  -0.5  2.2  39.2  127.7  1.6  -3.0  1.1  9.3  3319  13.5724  3334  13.0476 
 82  130.0  3.1  -2.0  2.4  47.6  123.4  6.4  4.7  4.9  195.1  0  0  0  0 
 83  126.6  2.3  1.8  2.1  37.4  124.8  1.4  -1.1  1.4  15.4  0  0  0  0 
 84  118.5  1.6  4.4  1.6  22.0  120.1  1.4  3.8  1.1  6.0  701  12.8204  712  13.5891 
 85  122.9  1.3  1.5  1.2  12.4  120.7  5.2  3.6  4.0  74.9  0 0 0 0
 86  120.3  1.7  4.0  1.3  13.5  122.9  2.4  -3.8  1.9  26.6  6088  14.4277  6085  13.8721 
 87  122.0  2.2  2.9  2.4  47.0  123.8  3.0  1.6  3.3  90.8  0 0 0 0
 88  121.5  2.4  2.5  1.7  23.5  122.8  2.3  1.0  1.7  21.8  0 0 0 0
 89  125.6  2.1  1.4  2.0  34.2  121.1  1.7  2.2  1.6  22.1  4408  13.9832  4380  13.5053 
 90  124.8  2.9  1.2  2.7  60.5  120.6  3.9  1.0  3.2  43.5  0 0 0 0
 91  125.2  2.8  -1.0  2.4  46.9  122.3  3.1  3.1  2.7  59.3  0 0 0 0
 92  127.2  4.0  -5.4  4.3  150.3  112.2  4.3  10.4  3.6  60.7  3011  13.7888  3087  14.0799 
 93  117.8  5.6  2.8  3.9  122.2  120.4  2.4  1.3  1.4  7.5  0 0 0 0
 94  136.5  7.1  -4.0  6.0  269.8  124.9  3.5  -1.1  3.1  72.1  0 0 0 0
 95  120.7  3.2  0.5  3.0  75.0  134.1  2.0  -3.8  1.8  25.3  471  13.8739  448  14.2689 
 96  121.2  3.6  -1.3  2.3  44.3  125.6  4.0  3.5  2.4  52.2  5909  13.6944  5906  13.5269 
 97  127.5  4.5  -5.8  2.8  56.9  111.8  5.2  6.0  3.2  84.5  0 0 0 0
 98  122.4  1.7  -2.0  1.0  7.8  121.8  3.4  2.0  2.0  30.9  0 0 0 0
 99  122.6  2.0  2.3  1.8  26.0  128.2  1.2  -1.0  1.1  9.5  0 0 0 0
 100  118.7  1.6  1.9  0.9  7.4  120.6  3.8  -1.4  2.3  42.6  0 0 0 0
 101  112.9  3.7  4.8  2.5  53.0  123.4  3.1  -1.0  2.1  34.5  0 0 0 0
 102  119.7  2.5  1.3  1.8  27.1  119.3  1.7  2.1  1.2  11.5  0 0 0 0
 103  126.4  2.9  -0.5  1.8  26.6  126.5  2.1  -5.6  1.4  12.6  6072  14.3048  6086  13.4171 
 104  117.4  1.0  1.5  0.6  3.2  122.0  4.4  1.9  2.7  57.6  4345  13.8505  4345  12.3299 
 105  122.3  1.8  -3.1  1.3  12.2  129.0  6.2  3.0  3.9  121.8  0 0 0 0
 106  120.9  1.7  -0.4  1.3  13.3  122.3  2.5  3.7  1.9  30.0  6104  13.7673  6112  14.2611 
 107  120.5  2.9  -2.7  2.4  46.9  122.3  1.1  3.3  0.9  6.6  0 0 0 0
 108  123.3  1.8  1.2  1.3  13.8  124.1  1.6  0.6  1.2  11.3  0 0 0 0
 109  124.9  1.8  0.6  1.2  11.7  122.4  4.3  3.3  2.8  63.2  0 0 0 0
 110  114.2  4.5  7.1  3.7  111.7  128.3  2.0  -0.5  1.6  19.2  6112  14.2312  6112  13.3581 
 111  129.0  3.4  -3.0  2.3  40.5  121.9  2.9  4.2  1.9  30.9  0 0 0 0
 112  119.3  2.1  3.7  1.4  16.4  118.0  1.6  3.0  1.0  8.7  0 0 0 0
 113  125.0  3.2  -2.0  3.4  56.1  117.6  3.3  1.7  4.4  171.1  6102  13.5644  6089  13.718 
 114  113.0  2.8  5.2  2.5  52.3  120.3  1.6  0.8  1.4  16.4  715  12.31  697  12.5415 
 115  122.3  2.4  2.2  2.4  28.8  122.5  2.3  0.7  3.0  75.9  6035  13.8991  6049  13.9122 
 116  122.3  4.9  -0.5  3.7  119.1  129.5  3.2  -4.0  2.4  46.2  0 0 0 0
 117  123.9  1.1  -0.7  1.3  14.7  117.1  2.5  5.0  3.0  78.8  6105  13.9184  6110  13.9117 
 118  120.4  4.2  1.3  3.1  78.6  124.8  4.1  -4.4  3.1  68.4  0  0  0  0 
 119  118.4  1.7  3.3  1.7  23.6  118.2  1.8  0.3  1.8  24.5  6077  13.3601  6090  13.9885 
 120  116.3  4.6  -0.3  2.5  30.2  114.4  6.4  4.1  4.3  148.6  2991  14.3264  3055  12.9237 
 121  120.0  2.1  1.9  1.7  24.7  117.1  3.8  4.6  3.0  76.2  6076  13.7478  6085  13.7438 
 122  116.1  3.5  3.6  2.9  70.2  122.3  1.8  -0.9  1.5  19.2  6074  13.8977  6074  13.8373 
 123  123.9  2.8  -1.7  2.4  48.0  118.2  2.4  1.6  2.0  34.0  5579  14.2056  5584  14.2018 
 124  117.8  5.5  -0.6  4.5  157.0  122.8  1.8  1.8  1.4  15.7  2709  13.2882  2832  14.3495 
 125  121.2  1.0  0.4  1.2  11.6  117.6  0.9  2.8  1.0  9.2  5850  14.4718  5848  14.3838 
 126  121.7  2.1  -1.1  2.0  32.7  115.0  1.0  5.5  0.9  7.0  783  14.2528  816  13.7777 
 127  134.7  7.1  -9.7  8.4  552.1  122.6  1.6  -0.1  1.8  27.6  2356  14.5681  2482  13.1682 
