Charge Calibration parameters for Preamplifier Gain of 20
Channel P1_HG_ping P1_err_HG_ping P0_HG_ping P0_err_HG_ping chi2_HG_ping P1_HG_pong P1_err_HG_pong P0_HG_pong P0_err_HG_pong chi2_HG_pong Entries_LG_ping P1_LG_ping Entries_LG_pong P1_LG_pong 
 0  115.0  1.5  1.0  1.4  13.4  121.5  1.7  1.6  1.5  16.7  6350  13.2618  6351  12.2978 
 1  121.9  1.7  -2.0  1.4  14.5  127.1  2.7  -2.1  1.8  9.6  2630  13.1412  2666  13.6718 
 2  116.1  3.1  4.4  2.5  53.1  118.8  2.7  -2.6  2.3  39.9  372  13.7964  369  13.8972 
 3  127.5  4.0  -2.5  3.6  99.7  121.2  1.5  -0.4  1.3  13.3  3544  13.1828  3574  13.7645 
 4  121.0  2.3  1.2  2.4  47.6  116.5  0.6  1.2  0.6  2.9  6467  12.2944  6472  12.1237 
 5  127.2  4.3  0.5  3.0  70.3  126.1  2.4  -4.4  1.7  20.1  6452  12.4964  6454  12.4195 
 6  116.9  2.3  3.6  1.8  26.7  123.9  1.6  -2.4  1.3  12.0  0 0 0 0
 7  125.1  1.5  -0.5  1.8  25.3  114.1  1.0  6.1  1.1  5.2  0  0  0  0 
 8  130.9  3.7  -4.4  2.5  46.8  124.1  1.4  -2.4  1.0  6.9  0 0 0 0
 9  125.8  2.0  -4.9  1.6  19.0  120.5  1.5  3.1  1.2  11.1  4065  13.0554  4098  13.8467 
 10  117.9  1.9  2.8  2.1  32.6  124.3  1.8  -1.8  1.9  29.2  6500  12.2769  6494  12.6506 
 11  117.0  0.9  3.4  0.7  4.0  122.7  3.1  4.2  2.3  41.3  0 0 0 0
 12  122.4  5.1  0.4  3.3  81.5  127.2  2.8  -1.7  1.8  23.4  0 0 0 0
 13  120.6  3.4  1.3  2.1  34.7  122.1  2.6  -2.4  1.6  18.0  6419  12.9537  6423  12.7309 
 14  121.2  2.7  -7.1  2.2  33.6  120.0  3.4  5.9  2.7  51.2  0 0 0 0
 15  125.2  2.7  -7.2  2.5  46.0  119.5  1.3  2.6  1.2  11.1  654  13.4419  697  14.3004 
 16  125.3  3.4  0.6  4.1  139.7  110.3  3.4  4.7  4.5  154.9  4226  12.5608  4219  12.2107 
 17  115.0  2.9  1.0  3.7  98.9  115.9  3.1  5.0  3.6  104.4  687  13.1565  671  13.4924 
 18  112.7  2.7  -0.2  2.9  64.0  117.6  2.5  0.0  2.6  51.0  0  0  0  0 
 19  118.8  1.1  2.4  1.0  7.5  122.6  0.8  1.1  0.8  4.4  0 0 0 0
 20  116.2  3.3  3.4  2.6  55.0  117.8  2.6  -0.6  2.2  32.9  280  13.7143  292  12.97 
 21  116.8  3.9  -3.3  4.3  150.5  124.8  1.1  9.4  1.1  10.4  3525  13.3945  3587  12.0868 
 22  112.5  2.4  8.4  2.2  38.7  120.6  2.7  0.2  2.3  43.2  0 0 0 0
 23  120.1  3.7  2.7  2.6  52.9  112.9  3.1  3.2  2.2  34.5  0 0 0 0
 24  120.0  2.9  3.9  3.8  108.4  126.1  3.5  -4.1  4.3  139.6  6463  12.3135  6451  12.0065 
 25  115.1  3.1  5.5  4.3  151.7  117.5  1.8  1.3  2.5  48.4  5680  12.6905  5579  12.3348 
 26  108.7  3.2  7.0  3.2  79.3  114.3  4.1  4.7  4.0  121.1  0 0 0 0
 27  124.9  2.9  -2.3  2.5  44.5  122.5  3.4  -2.8  2.9  60.6  6445  12.2162  6448  12.3293 
 28  117.8  2.8  2.2  3.3  88.1  115.7  0.8  0.7  0.9  7.0  752  13.5866  738  12.8362 
 29  113.4  3.1  5.6  2.2  34.4  119.4  3.9  2.0  2.6  49.4  0 0 0 0
 30  109.2  1.4  6.4  1.0  7.5  123.7  5.1  -5.3  3.6  79.9  0 0 0 0
 31  122.5  2.7  -1.2  2.5  49.6  118.2  1.5  -2.1  1.5  17.1  4217  13.4083  4164  12.5893 
 32  120.7  1.3  2.4  1.1  9.8  121.2  2.3  -2.9  2.1  31.2  0 0 0 0
 33  120.1  4.1  1.0  5.4  246.3  116.8  1.4  7.5  1.9  28.0  0 0 0 0
 34  106.5  3.2  17.7  4.1  86.9  115.0  2.8  6.4  4.1  130.9  205  14.3037  213  11.7827 
 35  124.1  2.7  -1.9  2.5  47.8  116.3  3.7  2.7  3.5  72.4  0 0 0 0
 36  121.4  5.9  2.8  8.9  368.1  121.7  4.5  3.3  8.4  579.8  933  13.2285  918  12.1749 
 37  124.3  4.0  2.0  7.2  428.8  137.2  4.4  -16.7  7.7  476.0  6235  13.3114  6201  13.1126 
 38  117.1  2.4  -1.3  3.6  99.0  119.1  3.8  1.3  5.7  252.2  721  12.6952  689  13.3776 
 39  124.4  1.0  1.3  1.1  9.2  123.8  2.2  -7.9  2.6  47.5  359  13.234  367  12.1292 
 40  123.2  2.4  -0.4  3.0  72.3  120.8  0.5  -1.2  0.6  3.2  0 0 0 0
 41  124.2  3.6  -3.2  2.9  58.7  133.4  7.0  -2.0  5.3  203.6  0 0 0 0
 42  117.0  2.3  7.4  3.1  80.8  119.9  3.7  4.9  4.9  210.5  0 0 0 0
 43  124.8  3.1  -2.9  3.9  124.3  126.0  2.2  1.8  2.7  59.5  0 0 0 0
 44  125.5  3.1  -2.8  3.3  83.4  116.2  3.3  3.6  3.5  96.9  0 0 0 0
 45  128.2  4.5  -1.8  6.1  286.4  122.7  1.7  -1.4  2.4  45.5  6197  13.3346  6192  13.6973 
 46  120.7  1.0  1.1  1.3  12.9  120.7  2.2  1.4  2.7  58.4  4284  13.2816  4265  12.9283 
 47  125.2  3.4  6.6  4.6  170.4  133.8  5.2  -13.7  7.1  354.4  365  14.0935  349  13.4404 
 48  124.7  2.1  1.4  3.4  94.1  119.9  1.8  6.0  3.0  73.2  6272  12.9057  6281  12.9611 
 49  124.9  2.6  0.9  3.5  104.4  126.1  2.3  -4.1  3.1  79.4  2243  13.129  2155  13.2186 
 50  115.5  2.0  9.7  2.9  75.5  112.7  1.1  9.2  1.6  23.1  2108  13.8582  2074  13.7547 
 51  124.8  2.3  2.6  3.6  109.7  121.9  1.6  0.1  2.6  57.2  5920  12.4042  5914  12.3844 
 52  125.8  0.6  -1.3  0.8  5.1  120.1  2.5  6.5  3.4  93.6  4596  13.3748  4535  13.9627 
 53  121.1  0.8  7.3  1.1  11.0  122.2  1.0  -0.0  1.3  14.0  274  14.3092  253  14.1593 
 54  120.9  1.2  3.0  1.3  13.9  122.4  0.7  -0.3  0.7  4.2  6396  12.5716  6419  13.0651 
 55  123.7  2.4  3.1  3.1  80.3  118.6  4.0  4.3  5.3  229.3  0  0  0  0 
 56  121.9  4.1  1.5  6.9  304.6  126.1  2.5  2.4  4.0  132.5  530  14.2063  543  14.0966 
 57  111.8  8.4  7.2  10.3  855.4  117.8  3.3  2.7  2.6  14.6  6361  12.8302  6364  13.0399 
 58  121.5  4.1  2.5  7.1  417.7  129.6  5.1  -4.9  9.0  402.1  6541  13.1117  6522  12.9631 
 59  121.3  2.0  6.8  2.9  69.1  122.7  1.6  0.6  2.2  40.3  5434  13.6816  5438  13.1917 
 60  130.4  5.7  -0.9  10.1  518.9  128.8  4.8  -6.4  9.0  407.7  6440  12.8818  6440  12.8594 
 61  121.4  1.1  1.8  1.6  20.0  125.1  1.0  0.9  1.4  14.6  0 0 0 0
 62  126.1  3.0  -3.5  4.0  128.6  123.4  1.6  -0.8  2.1  37.2  330  13.1547  336  13.5591 
 63  123.8  2.2  2.7  2.4  44.7  121.9  1.8  0.6  2.0  30.7  340  13.9197  349  14.3395 
 64  116.7  1.8  1.4  1.3  14.6  121.2  6.5  1.9  3.7  62.2  0 0 0 0
 65  119.5  1.7  -0.6  1.3  13.6  110.1  1.8  5.6  1.4  15.1  1545  12.2418  1493  12.281 
 66  115.8  1.6  -1.1  1.0  8.8  116.4  0.9  4.6  0.6  2.9  0 0 0 0
 67  109.4  3.2  4.5  2.4  47.8  119.8  3.0  -2.7  2.1  34.6  0 0 0 0
 68  119.8  1.9  -1.3  1.4  14.8  112.4  2.1  1.9  1.5  19.4  5741  12.6289  5758  11.8732 
 69  116.6  3.2  1.1  1.9  27.8  111.8  1.1  3.2  0.7  3.3  0 0 0 0
 70  120.5  1.8  -0.9  1.1  8.6  119.7  2.3  4.0  1.3  13.1  6451  12.7085  6449  12.3997 
 71  120.6  2.6  0.4  1.9  30.0  114.3  1.5  1.5  1.1  10.5  6510  11.9831  6484  11.9987 
 72  108.6  1.9  4.9  1.4  16.9  120.6  3.6  -1.2  2.5  48.3  887  12.4846  928  11.9498 
 73  121.8  1.9  -0.4  1.2  11.3  123.6  4.5  -2.0  3.0  67.3  6479  12.0532  6473  11.8823 
 74  115.2  2.9  2.7  1.9  28.3  115.3  5.8  5.5  3.7  110.2  0 0 0 0
 75  106.4  1.8  6.2  1.3  14.4  114.5  4.6  1.3  3.4  90.0  6480  13.859  6468  13.6625 
 76  111.5  3.9  4.3  2.7  59.3  115.7  2.3  2.4  1.5  19.4  1662  12.7271  1671  13.0558 
 77  113.8  1.6  1.6  1.1  11.0  122.6  1.0  1.0  0.7  4.1  6474  13.0739  6475  13.358 
 78  116.8  2.1  -0.2  1.0  6.9  112.3  4.9  5.4  2.4  42.3  6433  13.5394  6430  12.7195 
 79  116.7  2.5  1.4  1.6  21.7  118.9  4.4  -4.4  3.0  62.1  674  12.4374  683  12.4971 
 80  113.9  2.2  8.0  1.8  28.0  115.3  1.3  7.1  1.0  8.5  0 0 0 0
 81  108.1  0.9  4.4  0.6  3.1  112.2  0.8  5.9  0.6  2.3  2822  12.7164  2799  12.5428 
 82  113.1  4.2  8.4  3.2  85.9  115.3  7.5  4.7  5.8  270.2  0 0 0 0
 83  119.1  2.0  3.1  1.8  28.8  117.4  0.4  2.0  0.4  1.4  0  0  0  0 
 84  114.5  1.1  6.2  1.1  9.7  117.4  1.4  4.8  1.1  6.0  515  12.3887  598  11.9741 
 85  115.2  1.3  3.4  1.3  13.5  115.4  2.1  7.2  1.6  12.5  0 0 0 0
 86  119.4  1.4  4.4  1.0  8.9  111.8  3.0  2.1  2.3  40.0  6462  12.6444  6437  11.9338 
 87  115.1  2.3  9.8  2.5  51.5  116.9  3.4  0.2  3.8  122.4  0 0 0 0
 88  114.4  2.4  5.2  1.7  24.2  112.7  2.5  5.6  1.8  25.4  0 0 0 0
 89  116.5  1.1  2.0  1.1  9.5  118.1  1.8  4.9  1.7  23.2  4183  12.4421  4162  12.4667 
 90  114.6  1.2  6.6  1.2  11.3  116.2  0.6  0.5  0.5  1.0  0 0 0 0
 91  125.2  4.7  -2.3  4.1  133.4  118.1  2.0  2.5  1.7  23.9  0 0 0 0
 92  108.8  3.4  3.8  3.7  111.7  114.1  1.4  7.9  1.2  6.9  2661  13.1022  2641  12.7876 
 93  106.4  4.5  9.6  3.1  77.8  108.0  2.4  6.7  1.4  7.4  0 0 0 0
 94  127.2  5.8  2.6  4.9  179.0  120.2  3.8  0.7  3.4  85.7  0 0 0 0
 95  114.3  3.9  5.1  3.7  112.5  118.3  3.4  6.1  3.1  76.1  352  13.4909  347  13.1457 
 96  124.1  3.7  0.4  2.4  47.3  125.9  4.7  4.3  2.9  71.5  5976  13.093  5989  12.86 
 97  139.2  1.2  -9.3  0.7  3.8  127.5  5.0  2.7  3.1  77.9  0 0 0 0
 98  119.3  2.2  -0.1  1.3  14.0  125.6  2.0  -0.4  1.2  10.8  0 0 0 0
 99  122.9  0.7  1.2  0.6  2.8  125.2  1.2  0.3  1.0  9.0  0 0 0 0
 100  120.9  1.6  1.7  1.0  7.8  119.0  4.2  0.5  2.6  53.2  0 0 0 0
 101  120.7  5.3  3.8  3.6  108.9  127.6  2.6  -0.8  1.7  24.8  0 0 0 0
 102  118.2  4.0  3.8  2.8  70.9  129.9  1.8  1.7  1.2  13.0  0 0 0 0
 103  121.7  2.8  4.7  1.7  24.6  119.4  3.8  -1.8  2.4  40.3  6427  13.2947  6426  13.2339 
 104  122.2  2.4  -0.0  1.5  18.3  127.7  4.3  1.1  2.6  55.6  3898  13.4709  3925  13.0182 
 105  126.3  3.2  -3.6  2.2  38.2  133.5  7.4  1.5  4.6  176.3  0 0 0 0
 106  123.8  2.8  2.0  2.1  35.8  122.6  3.0  6.3  2.2  40.5  6462  13.2903  6460  13.7524 
 107  127.2  1.7  -3.8  1.4  15.2  125.8  3.3  3.2  2.6  57.6  0 0 0 0
 108  125.8  2.4  2.6  1.8  25.9  126.9  1.2  -2.2  0.9  6.0  0 0 0 0
 109  122.5  2.5  -0.2  1.7  21.9  122.9  1.9  3.2  1.2  12.2  0 0 0 0
 110  119.0  4.6  3.0  3.8  117.9  142.1  5.8  -6.9  4.5  154.2  6474  13.5871  6457  12.9519 
 111  130.4  1.6  -0.9  1.1  9.1  122.9  3.6  3.3  2.5  49.3  0 0 0 0
 112  111.2  3.9  6.0  2.6  54.8  109.1  2.8  6.6  1.9  28.8  6460  12.3358  6463  12.5572 
 113  126.2  5.8  -3.1  6.2  189.6  119.6  2.2  -3.0  3.0  76.1  6446  12.4605  6441  12.7141 
 114  120.1  0.6  1.5  0.6  2.8  121.4  0.5  2.0  0.4  1.5  504  11.837  514  11.8626 
 115  117.3  4.8  2.5  4.9  115.8  116.0  1.2  5.2  1.6  21.4  6340  12.9314  6352  12.5974 
 116  117.6  3.1  0.8  2.4  49.1  126.5  2.1  0.4  1.5  18.7  6327  13.7431  6346  13.5264 
 117  121.5  1.7  -1.3  2.0  34.0  115.3  2.0  3.7  2.4  48.3  6458  12.8411  6460  12.8173 
 118  115.2  3.3  3.8  2.4  47.9  118.4  4.0  -1.8  2.9  63.6  0  0  0  0 
 119  119.6  2.3  1.2  2.3  44.1  123.1  3.1  -3.6  3.1  74.8  6449  12.3516  6436  12.9828 
 120  114.9  2.3  3.1  1.3  7.9  115.5  8.8  3.4  5.9  281.5  2466  13.5282  2453  12.1455 
 121  115.0  3.3  4.3  2.6  58.2  116.0  2.4  3.4  1.9  29.8  6439  12.6531  6453  12.9135 
 122  122.5  0.5  -0.8  0.4  1.4  120.2  2.1  2.1  1.7  24.5  6450  12.7949  6439  12.7588 
 123  113.6  4.0  2.9  3.4  98.0  118.0  4.3  -1.3  3.7  110.9  5497  13.41  5584  13.1495 
 124  123.6  3.3  -6.6  2.7  57.9  121.8  2.1  2.5  1.6  21.2  2632  12.8021  2537  12.9719 
 125  122.9  1.3  -0.2  1.5  18.0  119.3  1.1  4.6  1.2  12.5  6077  12.9979  6095  12.7587 
 126  119.2  2.4  1.0  2.2  40.7  114.3  1.4  2.7  1.3  14.3  624  13.812  573  13.0579 
 127  127.7  4.2  -4.9  4.9  187.9  124.0  2.1  -2.7  2.5  49.9  2231  13.4714  2290  12.7041 
