Fine time information for HG/LG threshold at 520 DACu
Channel_nb fine_time_min fine_time_max 
0 32 999
1 31 937
2 38 997
3 31 934
4 9 962
5 18 937
6 18 953
7 28 980
8 8 997
9 37 930
10 29 930
11 33 957
12 31 949
13 18 973
14 17 927
15 18 976
16 30 944
17 38 934
18 28 925
19 19 945
20 19 959
21 24 916
22 31 933
23 19 938
24 31 919
25 20 915
26 17 927
27 31 922
28 21 916
29 28 997
30 18 939
31 17 947
32 19 994
33 18 991
34 40 929
35 18 922
36 31 941
37 43 942
38 31 941
39 35 999
40 31 992
41 39 991
42 31 934
43 18 939
44 12 942
45 35 929
46 46 997
47 18 997
48 15 972
49 30 941
50 36 938
51 42 997
52 15 975
53 31 948
54 39 939
55 31 991
56 46 988
57 37 943
58 18 992
59 31 975
60 45 976
61 35 931
62 30 929
63 19 939
64 31 930
65 29 931
66 26 930
67 26 939
68 28 928
69 23 938
70 22 927
71 22 946
72 26 930
73 37 935
74 24 930
75 33 944
76 37 940
77 33 945
78 33 940
79 38 940
80 28 985
81 30 935
82 26 928
83 28 938
84 34 974
85 28 917
86 31 929
87 37 929
88 44 950
89 29 934
90 29 932
91 34 910
92 42 937
93 13 932
94 44 936
95 38 985
96 33 948
97 38 968
98 38 960
99 35 948
100 27 956
101 42 959
102 33 947
103 28 955
104 41 946
105 34 951
106 31 958
107 31 935
108 39 959
109 34 946
110 37 952
111 41 962
112 30 962
113 33 934
114 21 930
115 25 924
116 20 937
117 30 946
118 29 932
119 25 940
120 26 930
121 28 930
122 30 925
123 23 919
124 16 925
125 24 937
126 40 948
127 34 919
