Pedestal charge parameters
Channel Mean_HG_ping Sigma_HG_ping Mean_HG_pong Sigma_HG_pong Mean_LG_ping Sigma_LG_ping Mean_LG_pong Sigma_LG_pong
0 70.5 2.4 71.6 2.4 88.6 1.4 87.8 1.5 
1 85.5 2.3 75.8 2.4 86.4 1.2 90.5 1.0 
2 85.8 2.2 76.7 2.4 86.7 1.2 84.1 1.2 
3 80.1 2.3 81.9 2.3 85.5 1.3 92.0 1.1 
4 82.5 2.6 81.5 2.5 85.2 1.2 84.8 1.1 
5 79.1 2.1 73.9 2.3 85.3 1.2 85.1 1.1 
6 76.5 2.4 82.1 2.3 80.8 1.2 84.2 1.3 
7 81.8 2.3 88.3 2.5 86.1 1.2 88.1 1.0 
8 85.7 2.3 83.5 2.6 83.2 1.3 86.1 1.1 
9 75.4 2.2 73.7 2.4 87.0 1.2 85.2 1.1 
10 76.2 2.6 80.5 2.6 86.2 1.1 87.9 1.0 
11 74.3 2.5 78.4 2.6 81.4 1.2 83.2 1.2 
12 80.0 2.4 78.4 2.3 89.1 1.2 85.2 1.0 
13 77.8 2.2 81.3 2.5 85.2 1.3 83.4 1.5 
14 82.7 2.5 79.7 2.4 85.8 1.4 91.1 1.1 
15 74.7 2.6 74.9 2.4 90.2 1.3 83.8 1.3 
16 78.9 2.2 75.4 2.1 80.6 1.2 72.2 1.1 
17 73.7 2.4 81.3 2.2 81.2 1.2 75.5 1.3 
18 79.4 2.2 85.0 2.1 80.6 1.1 81.0 1.4 
19 76.2 2.3 73.6 2.3 74.5 1.5 77.4 1.5 
20 75.5 2.1 74.3 2.3 77.0 1.4 72.3 1.3 
21 72.4 2.3 78.2 2.3 76.9 1.2 78.7 1.2 
22 79.8 2.3 66.8 2.2 78.3 1.3 79.9 1.1 
23 71.5 2.1 75.9 2.4 74.2 1.3 83.2 1.3 
24 72.8 2.2 74.5 2.1 80.2 1.1 85.0 1.3 
25 73.2 2.4 76.6 2.0 74.3 1.4 82.7 1.3 
26 82.6 2.2 77.6 2.1 77.6 1.2 80.2 1.0 
27 74.4 2.2 73.9 2.1 77.0 1.1 79.5 1.1 
28 68.7 2.3 69.5 2.0 80.7 1.2 82.5 1.1 
29 74.0 2.3 71.5 2.3 77.0 1.2 73.5 1.2 
30 67.8 2.3 72.6 2.2 77.0 1.2 79.6 1.1 
31 73.0 2.2 68.4 2.2 73.1 1.3 77.5 1.4 
32 91.3 3.0 89.8 2.9 100.1 1.1 97.8 1.0 
33 94.4 2.8 88.4 2.5 102.9 1.2 100.3 1.4 
34 96.2 2.8 91.5 2.8 97.2 1.3 100.5 1.5 
35 90.9 2.5 94.2 2.6 96.7 1.2 105.0 1.2 
36 92.4 2.9 96.3 3.0 107.2 1.3 102.8 1.4 
37 95.8 2.6 93.6 2.6 103.6 1.4 107.5 1.1 
38 94.5 2.7 91.5 2.6 99.8 1.4 103.4 1.1 
39 93.3 2.6 95.5 2.3 101.0 1.2 95.0 1.4 
40 93.3 2.5 98.3 2.6 96.8 1.2 100.3 1.1 
41 88.3 2.7 83.3 2.5 97.2 1.2 97.4 1.2 
42 93.8 2.9 97.8 2.7 94.3 1.4 99.2 1.3 
43 87.6 2.6 88.0 2.4 99.8 1.2 97.6 1.1 
44 100.6 2.9 93.8 2.9 99.8 1.2 97.5 1.2 
45 88.9 2.5 85.8 2.5 101.7 1.3 97.2 1.3 
46 87.7 2.5 82.2 2.4 102.3 1.2 100.4 1.1 
47 94.2 2.6 96.6 2.4 97.4 1.2 99.9 1.1 
48 78.2 2.5 74.8 2.3 79.7 1.2 84.9 1.2 
49 79.7 2.4 79.8 2.5 85.2 1.2 87.3 1.1 
50 85.0 2.3 74.2 2.2 82.4 1.4 80.8 1.1 
51 76.0 2.4 72.9 2.4 81.0 1.1 83.0 1.1 
52 78.2 2.4 72.5 2.3 85.0 1.2 89.2 1.5 
53 74.9 2.4 74.0 2.6 77.7 1.3 81.0 1.5 
54 83.8 2.5 78.0 2.3 77.0 1.2 78.7 1.2 
55 76.2 2.5 68.2 2.4 83.4 1.4 85.2 1.5 
56 81.8 2.2 75.9 2.2 80.4 1.1 79.7 1.5 
57 81.0 2.6 80.6 2.5 81.1 1.2 84.1 1.4 
58 77.9 2.3 82.3 2.3 84.4 1.2 80.7 1.1 
59 77.5 2.3 76.7 2.6 86.2 1.3 80.9 1.3 
60 79.0 2.3 75.8 2.5 80.9 1.2 86.4 1.5 
61 81.0 2.5 79.8 2.4 85.0 1.3 76.4 1.4 
62 76.8 2.4 74.1 2.6 78.1 1.3 77.0 1.2 
63 74.5 2.6 72.1 2.6 81.5 1.4 80.5 1.1 
64 68.6 2.0 69.5 2.1 71.5 1.4 75.7 1.0 
65 72.9 1.9 75.3 1.9 77.6 1.3 76.6 1.4 
66 69.9 2.1 65.0 1.9 71.4 1.2 75.0 1.2 
67 72.4 2.0 70.2 2.2 74.0 1.2 75.4 1.0 
68 75.2 1.9 75.8 2.2 72.7 1.1 75.3 1.1 
69 69.2 2.2 72.8 2.1 73.5 1.4 72.0 1.4 
70 70.2 2.0 73.9 1.9 66.7 1.3 70.9 1.3 
71 68.2 2.0 68.6 2.2 71.1 1.3 75.4 1.1 
72 75.7 2.1 72.8 2.0 72.1 1.4 73.1 1.5 
73 68.1 2.0 74.6 2.1 77.7 1.2 80.1 1.1 
74 71.0 1.9 70.0 2.1 74.3 1.2 72.5 1.1 
75 70.0 1.9 70.2 2.0 75.6 1.2 73.3 1.1 
76 68.8 1.9 70.3 2.0 73.6 1.2 77.4 1.4 
77 68.8 2.2 67.6 2.2 71.3 1.4 75.2 1.1 
78 72.5 1.9 68.2 2.2 78.5 1.3 70.8 1.3 
79 72.0 2.1 72.4 2.1 75.1 1.2 75.3 1.1 
80 76.8 4.0 76.9 4.1 82.6 1.3 81.0 1.2 
81 67.2 2.4 69.5 2.4 76.4 1.1 77.3 1.5 
82 70.8 2.9 75.0 2.9 79.1 1.2 77.7 1.1 
83 77.9 2.3 76.1 2.3 83.6 1.2 75.9 1.0 
84 77.4 2.5 70.8 2.6 77.3 1.2 76.7 1.1 
85 74.2 2.3 72.9 2.3 74.8 1.2 78.9 1.0 
86 77.3 2.5 71.1 2.3 80.7 1.3 77.4 1.1 
87 70.3 2.2 71.7 2.0 82.4 1.3 79.6 1.3 
88 76.6 2.1 78.2 2.2 75.3 1.2 73.6 1.1 
89 77.1 2.4 76.8 2.0 83.8 1.2 81.6 1.1 
90 69.9 2.4 72.4 2.2 80.2 1.2 77.5 1.1 
91 70.5 2.2 73.2 2.1 79.6 1.1 78.0 1.1 
92 72.9 2.2 66.7 2.2 76.1 1.1 78.5 1.1 
93 70.1 2.1 69.0 2.2 80.6 1.2 74.3 1.3 
94 68.4 2.1 67.2 2.0 78.8 1.2 76.3 1.2 
95 67.8 2.2 67.3 2.0 77.9 1.3 76.4 1.0 
96 81.7 2.0 81.5 2.2 82.5 1.4 88.3 1.0 
97 84.2 2.2 85.6 2.1 88.4 1.1 85.5 1.1 
98 88.3 2.2 85.3 1.9 85.1 1.2 86.7 1.1 
99 82.0 2.0 84.3 1.9 81.7 1.2 85.4 1.3 
100 83.8 2.2 83.5 2.1 82.1 1.4 87.1 1.2 
101 83.8 2.0 77.9 2.1 82.8 1.2 80.7 1.1 
102 79.1 2.2 84.7 1.9 88.1 1.0 81.6 1.3 
103 78.2 1.9 81.1 2.0 82.2 1.2 80.7 1.0 
104 79.8 2.2 80.4 2.2 79.5 1.3 83.5 1.1 
105 84.8 2.0 81.4 2.0 87.1 1.1 85.2 1.1 
106 74.4 2.2 76.7 2.2 86.0 1.2 84.1 1.6 
107 80.3 2.2 76.1 2.0 80.8 1.1 84.1 1.1 
108 85.5 2.1 82.8 2.2 86.9 1.2 85.0 1.1 
109 78.0 2.3 78.3 1.9 81.6 1.2 81.8 1.2 
110 78.1 2.2 77.7 2.1 83.2 1.2 81.5 1.1 
111 82.8 2.2 79.2 2.2 81.0 1.2 83.3 1.1 
112 69.8 2.0 72.3 2.1 76.9 1.2 80.2 1.0 
113 71.4 2.0 72.9 2.1 75.8 1.2 84.1 1.1 
114 75.2 1.9 71.1 2.2 83.6 1.2 79.9 1.1 
115 70.9 1.9 76.3 1.9 73.7 1.2 74.3 1.3 
116 74.9 2.1 73.7 2.0 82.4 1.2 83.2 1.2 
117 75.5 1.9 73.1 1.9 75.2 1.3 70.2 1.4 
118 74.4 2.1 77.8 2.1 79.2 1.2 76.3 1.2 
119 73.4 2.0 66.1 2.0 80.8 1.1 82.6 1.1 
120 75.6 1.9 73.0 1.9 83.0 1.2 80.5 1.1 
121 70.8 2.1 73.8 2.2 79.5 1.2 71.0 1.3 
122 72.0 2.0 71.5 2.1 77.3 1.4 76.3 1.0 
123 78.2 2.0 69.0 2.1 75.9 1.2 82.6 1.3 
124 68.7 1.9 70.7 2.1 77.1 1.2 80.5 1.2 
125 67.8 2.0 70.6 2.0 79.5 1.2 76.8 1.1 
126 72.5 2.0 77.5 2.0 82.0 1.4 74.5 1.3 
127 70.2 1.9 73.4 2.0 80.4 1.2 74.7 1.3 
