Maximum charge in HG 
Channel_nb;  Charge_max_HG 
0 753
1 756
2 744
3 747
4 749
5 747
6 759
7 755
8 756
9 760
10 736
11 736
12 759
13 754
14 755
15 753
16 789
17 784
18 776
19 768
20 768
21 777
22 756
23 753
24 754
25 775
26 772
27 770
28 763
29 769
30 764
31 777
32 776
33 772
34 765
35 775
36 773
37 766
38 770
39 769
40 773
41 780
42 780
43 767
44 774
45 770
46 765
47 768
48 788
49 784
50 779
51 775
52 785
53 784
54 782
55 792
56 776
57 779
58 776
59 783
60 765
61 777
62 785
63 772
64 752
65 745
66 754
67 742
68 747
69 742
70 754
71 755
72 744
73 752
74 750
75 748
76 742
77 745
78 749
79 743
80 756
81 747
82 751
83 755
84 752
85 752
86 747
87 748
88 708
89 756
90 763
91 752
92 755
93 716
94 756
95 765
96 790
97 752
98 784
99 783
100 749
101 771
102 767
103 762
104 786
105 766
106 775
107 779
108 775
109 729
110 928
111 773
112 918
113 904
114 982
115 884
116 770
117 760
118 773
119 756
120 766
121 751
122 758
123 769
124 771
125 767
126 767
127 767
