Charge Calibration parameters for Preamplifier Gain of 20
Channel P1_HG_ping P1_err_HG_ping P0_HG_ping P0_err_HG_ping chi2_HG_ping P1_HG_pong P1_err_HG_pong P0_HG_pong P0_err_HG_pong chi2_HG_pong Entries_LG_ping P1_LG_ping Entries_LG_pong P1_LG_pong 
 0  113.2  1.6  -0.6  1.5  15.7  121.7  0.6  -0.2  0.5  2.3  5934  14.6138  5946  13.5394 
 1  129.7  4.3  -7.9  3.7  97.7  132.6  4.3  -7.4  2.0  1.7  3289  13.2574  3348  13.8778 
 2  107.7  3.5  6.6  2.9  70.9  114.1  2.7  -1.9  2.3  39.1  557  14.3588  517  13.7207 
 3  121.9  2.5  -2.3  2.2  38.2  115.9  1.4  0.7  1.3  12.2  4122  13.2161  4029  13.5836 
 4  113.9  2.5  -0.2  2.6  56.5  111.8  1.4  1.7  1.5  17.4  5973  12.6947  5959  12.5772 
 5  123.5  4.1  -0.7  2.9  65.3  117.5  1.3  -2.6  0.9  5.5  5957  12.8892  5955  12.8763 
 6  111.2  1.9  4.5  1.5  17.7  117.6  1.5  2.5  1.2  10.2  0 0 0 0
 7  113.0  3.2  2.2  3.9  122.2  112.7  2.8  0.8  2.8  36.3  284  14.2382  257  12.603 
 8  118.0  3.3  0.1  2.2  36.2  120.1  3.8  -3.8  2.7  49.4  0 0 0 0
 9  111.7  2.0  0.7  1.7  20.1  114.9  0.6  2.1  0.5  1.9  4368  14.7003  4426  14.4666 
 10  118.7  3.0  -2.8  3.2  80.3  117.2  1.3  0.9  1.3  13.8  6044  13.079  6032  13.5034 
 11  111.8  2.2  4.1  1.7  22.9  120.7  2.5  3.6  1.8  25.5  0 0 0 0
 12  120.3  4.3  -0.1  2.8  57.2  115.4  2.8  0.4  1.9  24.8  0 0 0 0
 13  112.6  3.2  5.8  2.0  31.3  114.0  2.4  -2.2  1.6  16.6  5934  14.2837  5956  14.01 
 14  113.6  1.5  0.2  1.2  10.2  119.3  3.4  0.9  2.7  50.8  0 0 0 0
 15  110.6  2.7  2.2  2.5  48.4  112.7  2.0  1.1  1.9  28.1  1106  14.7311  1054  14.091 
 16  123.6  3.6  8.1  4.3  155.4  114.2  0.9  -4.2  1.2  11.7  4734  13.7098  4766  13.0485 
 17  122.3  3.2  -0.9  4.0  119.0  119.8  5.7  1.2  6.8  364.5  1230  13.8924  1268  13.3925 
 18  117.1  4.0  -1.1  4.2  134.6  118.5  2.5  2.6  2.6  53.3  440  12.3797  430  13.73 
 19  122.1  2.1  -0.9  2.0  30.2  120.3  1.4  2.6  1.3  12.8  0 0 0 0
 20  125.9  2.8  -2.1  2.2  39.4  115.0  3.2  0.4  2.6  49.0  666  13.3767  653  13.166 
 21  117.0  2.2  2.6  2.4  46.1  121.0  2.7  9.9  2.6  60.8  4327  13.9237  4356  13.7376 
 22  112.1  3.6  4.7  3.2  87.9  116.6  1.2  4.3  1.0  8.4  219  12.8055  231  14.2186 
 23  120.0  3.1  -3.2  2.2  38.8  127.1  2.3  -1.0  1.7  19.4  0 0 0 0
 24  117.9  2.9  5.4  3.8  109.2  129.6  5.8  -9.5  7.3  389.7  5976  14.0701  5978  13.8377 
 25  115.3  1.5  7.7  2.0  34.2  111.9  1.5  7.5  2.1  36.3  5741  14.3596  5727  14.1399 
 26  118.3  1.6  -1.1  1.7  20.9  122.2  2.8  -1.8  2.7  55.1  233  13.2859  243  14.1197 
 27  126.9  6.0  -3.8  5.1  187.2  119.0  4.1  0.7  3.5  87.8  5948  13.9792  5949  13.9152 
 28  112.8  3.0  7.7  3.6  100.2  117.6  2.5  3.7  3.0  69.3  1489  13.9113  1468  13.3761 
 29  121.6  1.7  -0.5  1.2  10.5  123.3  3.3  2.8  2.2  36.0  0 0 0 0
 30  117.0  2.3  0.8  1.7  20.3  121.6  4.0  0.5  2.8  50.2  0 0 0 0
 31  119.5  3.8  -3.2  3.6  98.4  114.8  5.0  0.4  4.9  175.4  4764  14.1712  4836  14.118 
 32  122.9  1.2  1.1  1.1  8.9  121.2  2.4  -0.1  2.1  32.8  0 0 0 0
 33  117.2  2.2  3.2  2.9  69.9  116.4  1.2  2.4  1.6  20.7  0 0 0 0
 34  106.8  2.2  12.0  3.4  98.9  127.8  4.8  -2.5  7.0  392.6  466  14.095  493  11.4828 
 35  120.9  2.4  -1.0  2.2  37.9  121.3  4.0  0.6  3.8  84.5  0 0 0 0
 36  122.6  3.4  -1.0  5.1  120.8  121.2  0.9  -0.1  1.7  24.7  1330  13.4934  1361  12.4691 
 37  127.0  3.2  -3.3  5.7  269.8  126.0  2.3  -6.2  4.0  129.9  5857  14.6292  5879  14.4122 
 38  116.7  5.4  5.6  8.1  515.1  126.9  3.7  -8.4  5.6  238.8  1164  13.0611  1203  12.9253 
 39  122.7  1.3  0.3  1.5  18.0  124.3  3.3  -11.2  3.9  106.3  614  13.5355  596  12.3223 
 40  120.8  0.5  1.5  0.6  3.1  117.7  0.9  0.1  1.2  11.5  0 0 0 0
 41  122.6  1.7  -2.4  1.4  13.0  126.3  5.9  -0.2  4.6  148.6  0 0 0 0
 42  120.3  1.8  4.0  2.4  48.3  118.4  3.9  4.8  5.1  227.3  0 0 0 0
 43  122.4  2.0  2.8  2.5  51.0  125.4  2.4  -1.5  3.0  69.5  0 0 0 0
 44  121.7  3.2  -0.1  3.4  89.5  119.3  4.8  0.0  5.2  211.2  0 0 0 0
 45  130.5  4.9  -7.9  6.5  328.9  124.1  1.5  -3.5  2.1  36.1  5820  14.2167  5857  14.2 
 46  120.1  1.8  2.3  2.2  39.8  124.8  3.0  -1.4  3.8  113.6  5043  14.1591  5037  14.7923 
 47  120.7  2.1  3.6  2.8  65.6  130.1  3.9  -12.7  5.2  194.4  716  13.6502  675  12.7245 
 48  126.4  4.0  0.5  6.5  338.0  116.6  2.7  13.0  4.3  157.2  5906  14.3431  5919  14.7728 
 49  125.8  2.6  3.9  3.5  107.0  121.5  1.0  3.4  1.3  14.6  2960  13.3106  2926  14.4142 
 50  119.9  1.8  8.7  2.5  57.5  114.2  0.9  8.5  1.2  13.3  2884  14.0402  2687  14.0283 
 51  120.2  1.3  5.0  2.0  31.8  118.4  1.8  3.3  2.9  67.7  5998  11.166  5986  11.1398 
 52  125.5  1.8  -3.5  2.4  45.9  118.6  2.5  6.2  3.3  90.8  5176  14.6851  5130  14.2995 
 53  124.2  2.1  5.4  2.9  72.7  120.0  1.6  2.0  2.2  38.9  566  13.826  517  14.3005 
 54  120.0  0.9  2.4  1.1  8.6  123.0  0.7  0.2  0.8  4.7  5959  14.4699  5944  14.6318 
 55  122.4  1.2  6.1  1.5  19.1  125.1  3.7  -0.5  5.0  204.4  290  13.6456  284  14.8297 
 56  125.5  3.2  4.8  5.3  239.7  131.1  2.4  -7.4  3.8  120.3  1059  13.4842  1065  14.1246 
 57  121.0  0.8  1.3  1.0  8.7  119.8  1.4  3.1  1.1  2.6  5932  14.6437  5928  14.0617 
 58  121.4  2.1  1.1  3.5  104.6  126.1  3.9  4.8  6.5  352.2  6127  12.2549  6157  12.0763 
 59  124.8  1.6  1.7  2.2  41.8  120.3  0.9  2.7  1.3  12.8  5478  14.5892  5508  14.5384 
 60  131.2  7.7  2.4  13.8  968.2  114.6  2.3  9.1  3.8  94.4  5952  14.0216  5951  14.3254 
 61  120.3  2.7  4.3  3.7  114.9  122.0  1.4  3.1  1.9  28.3  0 0 0 0
 62  121.7  2.6  -1.6  3.4  93.6  124.2  2.4  -0.1  3.1  80.4  731  13.7938  699  13.3796 
 63  123.7  1.0  -1.4  1.2  10.3  117.7  3.6  5.2  4.0  126.6  651  14.6993  703  13.9367 
 64  117.6  1.2  6.7  0.9  6.8  118.5  5.8  1.7  3.3  49.1  0 0 0 0
 65  122.9  2.6  -1.4  2.0  32.7  113.9  4.6  5.2  3.5  102.4  2737  12.514  2782  12.8424 
 66  118.1  1.7  -0.2  1.1  10.5  117.1  1.2  3.2  0.8  5.4  0 0 0 0
 67  117.8  2.2  -1.1  1.7  22.7  121.1  3.3  2.3  2.4  43.1  0 0 0 0
 68  115.1  1.7  1.7  1.2  12.0  110.7  2.7  0.8  2.0  30.7  5591  13.7096  5601  12.978 
 69  122.0  2.9  2.4  1.8  24.2  112.2  3.0  1.0  1.9  26.5  0 0 0 0
 70  117.3  1.7  3.8  1.1  7.8  121.5  4.0  2.1  2.3  41.2  5966  14.0867  5971  13.5501 
 71  120.8  2.3  1.8  1.7  24.7  116.5  1.9  2.6  1.5  18.0  6056  14.4003  6030  14.3204 
 72  115.9  1.2  4.8  0.9  6.4  117.1  1.2  1.3  0.9  5.7  1383  13.6031  1399  12.946 
 73  119.4  1.5  -0.2  1.0  7.6  121.1  5.4  0.9  3.5  94.7  6005  14.2515  5986  14.0968 
 74  118.5  3.1  2.4  2.0  32.6  115.1  7.1  5.6  4.6  169.4  0 0 0 0
 75  121.4  4.8  -0.2  3.5  98.3  119.1  3.3  1.9  2.5  47.4  1003  13.9882  999  13.9343 
 76  113.2  2.7  6.2  1.9  28.8  111.9  1.8  2.9  1.2  11.5  2870  13.9294  2864  13.572 
 77  114.8  2.0  2.7  1.4  17.7  120.6  1.0  0.4  0.7  4.3  4831  14.1177  4744  14.379 
 78  118.5  2.1  3.0  1.0  6.9  108.7  5.8  5.3  2.9  58.6  5941  14.6164  5946  13.9472 
 79  115.7  1.4  -2.5  0.9  6.9  112.3  4.1  2.6  2.8  53.5  1534  12.5994  1474  12.8891 
 80  122.1  1.7  1.7  1.4  16.3  123.3  1.2  3.8  0.9  6.9  0 0 0 0
 81  122.6  1.8  -0.7  1.2  12.5  120.9  2.2  0.3  1.5  17.6  3492  13.7854  3578  14.0363 
 82  124.3  2.8  2.4  2.2  40.2  125.5  6.1  2.7  4.7  177.9  203  13.245  250  12.4851 
 83  122.5  2.9  3.3  2.7  62.4  120.1  0.3  -0.5  0.3  0.9  211  12.6332  213  13.4323 
 84  121.2  1.9  1.4  1.9  29.6  120.0  1.0  3.7  0.8  3.3  709  13.8587  745  13.2378 
 85  125.0  2.2  0.6  2.1  35.5  119.9  3.7  4.2  2.8  37.6  0 0 0 0
 86  122.5  1.1  -1.2  0.8  5.5  117.8  2.5  -0.6  1.9  27.8  5962  14.8152  5964  14.3541 
 87  127.1  3.2  -2.3  3.5  102.3  118.8  2.8  4.6  3.1  81.7  0 0 0 0
 88  118.1  2.2  4.1  1.6  21.1  119.4  2.1  4.4  1.5  18.3  0 0 0 0
 89  122.3  1.1  2.7  1.0  8.8  120.0  1.2  3.6  1.1  10.3  4379  15.6878  4331  13.5607 
 90  116.1  3.6  5.6  3.4  95.4  123.1  1.6  -2.4  1.3  7.3  0 0 0 0
 91  126.9  1.1  -0.8  1.0  7.4  124.1  1.5  0.5  1.3  13.2  0 0 0 0
 92  115.4  1.8  -0.1  1.9  29.5  120.0  1.7  7.7  1.5  10.1  3107  15.095  3224  13.3808 
 93  117.1  3.5  3.3  2.4  46.3  128.2  3.6  -4.5  2.0  16.4  0 0 0 0
 94  129.5  3.5  0.2  2.9  65.1  123.9  2.9  0.9  2.6  50.4  0 0 0 0
 95  120.9  3.2  1.1  3.0  77.4  130.6  3.2  -0.2  2.9  66.5  565  13.7389  599  14.6404 
 96  132.1  2.3  -4.0  1.5  17.8  124.0  4.1  4.6  2.5  53.7  5809  14.3892  5784  14.2022 
 97  132.0  2.9  -6.3  1.8  23.3  124.4  3.1  1.8  1.9  30.3  0 0 0 0
 98  127.4  1.4  -2.1  0.8  5.2  128.8  2.9  -1.9  1.6  21.6  0 0 0 0
 99  127.9  1.6  1.4  1.4  16.2  124.6  1.0  -0.2  0.9  6.4  0 0 0 0
 100  121.7  1.4  0.2  0.8  5.8  125.0  4.0  -2.8  2.5  47.8  0 0 0 0
 101  122.2  3.0  0.4  2.0  33.9  120.7  4.2  0.2  2.8  63.8  0 0 0 0
 102  127.2  2.1  -1.6  1.5  19.3  127.2  1.2  0.5  0.9  6.2  0 0 0 0
 103  129.5  2.8  -1.6  1.7  25.0  133.4  2.0  -7.1  1.3  11.3  5957  14.4956  5943  14.4076 
 104  123.9  1.1  -1.5  0.7  3.7  127.0  4.4  1.3  2.7  57.1  4156  13.9167  4185  13.3586 
 105  127.1  1.6  -1.8  1.1  9.6  138.2  6.9  -0.3  4.3  154.0  0 0 0 0
 106  129.6  2.4  3.7  1.8  26.0  125.9  1.5  0.1  1.1  10.6  5995  14.4668  5974  14.9816 
 107  125.9  2.0  -6.4  1.7  22.5  125.4  1.7  4.7  1.3  14.8  0 0 0 0
 108  124.3  1.7  3.5  1.2  12.1  127.6  2.2  -0.9  1.6  20.6  0 0 0 0
 109  126.5  1.6  -3.0  1.0  8.4  124.7  2.8  2.1  1.9  27.9  0 0 0 0
 110  126.8  1.9  -1.6  1.6  21.1  132.9  2.1  -3.0  1.6  20.4  5980  14.8371  5978  14.1102 
 111  126.5  1.3  -2.5  0.9  6.4  128.1  5.3  3.4  3.6  103.7  0 0 0 0
 112  129.9  1.7  1.1  1.1  10.0  121.8  3.4  0.5  2.3  41.8  418  11.3834  432  11.4912 
 113  125.2  4.3  2.5  4.6  104.3  118.9  1.3  5.1  1.7  25.1  5977  14.0352  5972  14.1717 
 114  119.1  1.1  1.6  1.0  8.1  121.0  1.2  6.3  1.0  9.2  802  12.2444  871  13.2983 
 115  125.0  4.3  1.9  4.4  96.4  121.1  3.1  7.2  4.0  136.3  5920  14.5829  5938  14.1813 
 116  118.6  1.9  9.8  1.4  17.5  130.3  2.7  -1.1  2.0  32.2  6002  12.8868  6018  12.5784 
 117  116.1  2.0  5.6  2.4  50.2  119.5  2.3  3.1  2.8  67.1  5986  14.4359  5985  14.4662 
 118  120.3  2.1  2.0  1.5  19.8  124.2  1.9  -0.1  1.4  14.6  0  0  0  0 
 119  122.5  1.7  1.1  1.7  24.0  124.6  2.4  -0.9  2.4  44.8  5963  14.4183  5966  14.7836 
 120  121.7  3.2  0.7  1.7  14.5  120.1  6.9  3.7  4.6  172.3  3275  14.5162  3253  12.7865 
 121  115.2  4.7  6.3  3.8  120.1  118.9  2.1  5.3  1.7  23.5  5965  14.5526  5957  14.7063 
 122  119.7  2.9  2.4  2.4  48.9  121.7  1.3  3.6  1.1  9.4  5954  14.5026  5959  14.4574 
 123  123.4  4.5  -0.2  3.8  122.5  117.7  4.7  1.3  4.1  134.7  5618  14.5644  5595  14.8848 
 124  127.4  2.6  -6.3  2.1  33.8  121.2  3.6  4.1  2.8  62.2  2896  13.8326  2904  14.5776 
 125  124.5  1.1  2.6  1.3  13.7  120.7  0.7  4.8  0.8  5.5  5814  14.7308  5805  14.6874 
 126  120.8  2.0  1.0  1.9  28.7  117.1  2.1  5.3  2.0  32.3  1029  14.1395  966  14.1398 
 127  126.9  5.3  -1.4  6.3  307.2  119.7  1.2  4.8  1.4  16.1  2617  14.5464  2582  13.265 
