Pedestal charge parameters
Channel Mean_HG_ping Sigma_HG_ping Mean_HG_pong Sigma_HG_pong Mean_LG_ping Sigma_LG_ping Mean_LG_pong Sigma_LG_pong
0 74.3 3.0 73.4 2.9 80.2 1.3 77.1 1.3 
1 71.9 2.8 72.8 2.8 85.1 1.3 78.5 1.5 
2 73.7 2.7 68.8 2.8 80.2 1.3 79.2 1.6 
3 79.8 2.8 76.2 2.9 80.4 1.3 83.7 1.2 
4 76.3 2.9 76.9 2.8 81.4 1.4 78.1 1.2 
5 77.8 2.6 76.8 2.8 78.4 1.6 79.9 1.2 
6 77.0 2.7 76.0 2.7 81.7 1.5 77.5 1.2 
7 74.1 2.9 80.0 2.8 74.6 1.4 81.9 1.4 
8 71.9 3.0 75.7 2.8 86.1 1.5 81.8 1.5 
9 74.2 3.0 74.9 2.8 78.1 1.5 84.3 1.4 
10 72.7 2.8 76.7 2.8 81.1 1.3 85.4 1.4 
11 66.2 3.1 68.2 2.9 84.0 1.3 78.2 1.4 
12 76.0 3.0 70.4 3.0 76.4 1.2 80.1 1.3 
13 71.0 2.9 70.5 2.9 80.0 1.3 76.7 1.2 
14 73.4 2.7 74.2 2.8 81.9 1.3 83.8 1.2 
15 70.7 2.9 74.5 2.9 86.4 1.3 83.0 1.6 
16 66.9 2.2 70.0 2.1 75.4 1.2 80.3 1.1 
17 65.3 2.1 67.1 2.2 75.1 1.2 72.6 1.1 
18 64.9 2.2 73.2 2.1 76.0 1.3 77.0 1.3 
19 61.1 2.2 66.6 2.2 78.5 1.1 76.8 1.0 
20 70.9 2.0 70.9 2.0 70.4 1.2 72.3 1.0 
21 69.5 2.2 67.0 2.1 77.6 1.3 72.6 1.1 
22 68.6 2.2 65.6 2.2 78.9 1.2 76.8 1.0 
23 72.5 2.2 68.0 2.0 75.7 1.1 72.8 1.3 
24 66.4 2.2 61.1 2.0 71.2 1.2 69.2 1.1 
25 71.1 2.0 68.8 2.0 76.6 1.1 71.3 1.3 
26 66.4 2.2 63.3 2.0 74.2 1.3 63.3 1.3 
27 56.6 2.3 66.8 2.2 68.1 1.1 72.0 1.1 
28 60.8 2.0 63.3 2.1 71.9 1.2 70.9 1.4 
29 67.1 2.1 65.0 2.2 70.0 1.2 75.0 1.1 
30 66.4 2.1 61.8 2.1 71.3 1.2 70.6 1.1 
31 61.0 2.3 61.3 2.0 73.1 1.3 70.0 1.2 
32 74.7 2.7 74.0 2.8 86.4 1.2 85.7 1.1 
33 76.5 2.4 79.3 2.6 83.5 1.4 87.2 1.1 
34 81.9 2.5 75.8 2.5 87.4 1.2 82.5 1.5 
35 75.6 2.3 78.2 2.4 87.0 1.2 86.5 1.2 
36 83.2 2.7 76.3 2.8 90.2 1.4 83.0 1.4 
37 75.2 2.3 79.0 2.4 83.2 1.3 86.6 1.1 
38 81.4 2.4 82.4 2.3 80.7 1.2 88.0 1.1 
39 80.1 2.1 81.8 2.2 84.3 1.2 88.0 1.0 
40 76.9 2.5 78.2 2.2 83.1 1.2 81.4 1.1 
41 78.7 2.4 80.9 2.4 87.4 1.1 85.1 1.0 
42 80.1 2.7 78.8 2.4 88.6 1.4 86.2 1.2 
43 79.1 2.3 74.9 2.3 82.9 1.3 78.4 1.4 
44 81.4 2.6 80.0 2.6 87.7 1.2 90.6 1.1 
45 79.8 2.3 78.1 2.3 88.2 1.2 81.8 1.4 
46 76.5 2.2 78.1 2.4 84.3 1.2 79.6 1.2 
47 79.1 2.2 77.2 2.5 86.8 1.2 80.9 1.1 
48 75.6 2.4 75.7 2.3 82.8 1.4 85.7 1.4 
49 81.9 2.4 80.6 2.5 79.8 1.2 81.2 1.5 
50 82.0 2.2 83.0 2.3 86.8 1.2 84.0 1.1 
51 81.1 2.3 84.8 2.3 86.6 1.2 85.2 1.1 
52 85.3 2.2 81.3 2.4 89.7 1.4 89.4 1.5 
53 79.6 2.4 83.0 2.3 84.6 1.2 86.6 1.1 
54 81.6 2.4 74.4 2.4 86.7 1.2 84.3 1.4 
55 74.8 2.5 79.0 2.6 89.9 1.3 91.7 1.1 
56 79.2 2.1 75.7 2.3 81.3 1.2 83.8 1.1 
57 84.2 2.2 80.8 2.2 87.2 1.1 85.9 1.1 
58 87.5 2.4 85.1 2.4 84.0 1.1 80.3 1.2 
59 78.2 2.5 79.6 2.4 85.0 1.4 81.6 1.1 
60 75.9 2.3 80.8 2.4 78.8 1.4 82.4 1.4 
61 74.0 2.4 77.0 2.6 81.7 1.4 85.0 1.2 
62 79.7 2.3 81.3 2.4 85.0 1.1 89.0 1.5 
63 76.6 2.4 79.3 2.5 87.1 1.2 84.7 1.1 
64 73.8 2.0 75.7 1.9 76.6 1.2 77.1 1.1 
65 72.5 1.9 72.4 2.1 75.5 1.3 77.3 1.5 
66 71.4 2.0 71.7 1.9 81.0 1.2 71.2 1.2 
67 74.1 2.0 69.2 1.9 76.2 1.2 71.5 1.5 
68 73.7 1.9 72.5 2.0 80.4 1.1 74.3 1.3 
69 71.0 2.1 73.3 1.9 75.9 1.1 73.1 1.1 
70 71.2 1.9 68.4 2.0 80.2 1.1 70.6 1.3 
71 69.7 2.1 73.5 1.9 74.8 1.2 73.4 1.1 
72 73.6 1.9 75.3 1.8 77.6 1.4 73.6 1.2 
73 72.0 1.9 72.5 2.1 72.8 1.1 74.3 1.1 
74 68.1 1.9 69.7 1.9 69.0 1.1 70.8 1.1 
75 72.7 1.9 71.5 2.0 78.8 1.2 76.7 1.0 
76 69.9 1.9 70.8 1.9 78.5 1.2 70.2 1.2 
77 68.8 1.9 71.0 1.9 77.4 1.2 70.1 1.3 
78 72.8 1.9 72.0 2.0 73.2 1.4 71.8 1.1 
79 73.7 2.0 70.6 1.9 76.3 1.3 73.0 1.1 
80 89.9 4.0 88.5 4.2 93.7 1.4 89.1 1.4 
81 87.0 2.8 86.7 2.6 95.4 1.2 92.8 1.2 
82 89.1 3.0 86.5 3.2 94.1 1.3 92.3 1.1 
83 83.1 2.5 84.4 2.5 90.8 1.4 86.1 1.4 
84 85.4 2.6 87.5 2.9 89.9 1.4 87.5 1.1 
85 83.7 2.5 89.0 2.5 90.5 1.3 88.7 1.2 
86 80.8 2.8 84.8 2.6 91.9 1.2 91.2 1.6 
87 85.7 2.4 86.4 2.4 95.8 1.2 92.5 1.1 
88 89.1 2.5 84.6 2.6 90.5 1.3 88.9 1.2 
89 91.6 2.6 87.6 2.3 88.2 1.2 89.1 1.6 
90 82.8 2.4 80.5 2.4 81.1 1.3 87.1 1.4 
91 85.2 2.3 84.0 2.3 90.5 1.3 88.6 1.2 
92 87.0 2.3 80.2 2.4 91.5 1.2 88.2 1.5 
93 79.7 2.5 83.1 2.6 88.9 1.3 91.5 1.2 
94 80.3 2.4 84.0 2.4 87.6 1.2 91.5 1.2 
95 78.7 2.5 80.7 2.6 81.8 1.3 84.1 1.2 
96 87.9 2.2 85.2 2.3 85.8 1.2 87.8 1.1 
97 80.9 2.3 77.8 2.1 81.1 1.2 85.0 1.3 
98 92.0 2.1 89.6 2.2 89.4 1.3 92.5 1.2 
99 86.2 2.3 88.0 2.2 84.4 1.2 90.9 1.3 
100 87.0 2.3 88.1 2.2 84.6 1.3 81.9 1.2 
101 87.4 2.3 88.7 2.1 89.7 1.3 85.4 1.1 
102 80.5 2.2 78.6 2.3 87.8 1.3 91.0 1.1 
103 81.4 2.2 83.6 2.1 84.1 1.2 81.5 1.1 
104 80.5 2.3 82.7 2.1 91.6 1.1 89.2 1.1 
105 85.8 2.1 82.5 2.2 88.6 1.2 83.0 1.3 
106 83.8 2.2 86.2 2.1 84.3 1.2 88.5 1.3 
107 79.8 2.2 84.9 2.0 87.2 1.2 87.2 1.1 
108 86.1 2.1 83.6 2.2 85.7 1.2 87.5 1.1 
109 78.2 2.2 82.5 2.2 85.4 1.4 84.8 1.0 
110 82.4 2.1 80.8 2.4 87.3 1.2 87.3 1.1 
111 82.1 2.3 83.6 2.1 89.8 1.2 88.0 1.1 
112 80.2 2.1 74.2 2.1 80.6 1.1 84.8 1.1 
113 75.2 2.2 78.0 2.0 77.3 1.4 73.9 1.2 
114 77.6 2.2 75.7 2.0 74.0 1.3 79.4 1.2 
115 76.5 2.0 78.5 2.0 78.0 1.2 80.2 1.0 
116 73.2 2.0 74.7 2.0 81.6 1.4 80.7 1.0 
117 75.0 2.0 73.0 2.2 78.5 1.2 76.6 1.0 
118 75.7 2.2 75.0 2.0 83.5 1.1 79.0 1.2 
119 71.2 2.1 74.7 2.1 75.4 1.2 75.7 1.1 
120 69.5 2.1 74.3 2.1 86.4 1.1 85.2 1.0 
121 76.4 2.0 75.5 2.2 78.0 1.2 79.4 1.1 
122 75.1 2.2 70.4 2.3 80.1 1.1 77.7 1.0 
123 74.2 2.0 70.8 2.2 82.3 1.2 75.6 1.2 
124 70.1 2.1 74.9 2.0 74.5 1.4 78.8 1.1 
125 71.3 2.2 73.0 2.2 80.2 1.1 78.9 1.5 
126 72.1 1.9 75.5 2.0 82.7 1.2 76.2 1.1 
127 71.8 2.2 74.6 2.0 79.1 1.1 77.2 1.0 
