Pedestal charge parameters
Channel Mean_HG_ping Sigma_HG_ping Mean_HG_pong Sigma_HG_pong Mean_LG_ping Sigma_LG_ping Mean_LG_pong Sigma_LG_pong
0 77.8 2.6 78.7 2.6 88.0 1.1 88.5 1.1 
1 84.7 2.2 79.8 2.3 86.9 1.3 91.5 1.1 
2 82.6 2.1 84.7 2.0 93.0 1.2 88.2 1.1 
3 83.2 2.3 85.4 2.2 84.8 1.1 88.8 1.3 
4 86.5 2.2 84.0 2.5 88.1 1.1 85.5 1.1 
5 79.7 2.3 77.1 2.1 89.2 1.2 91.1 1.2 
6 88.5 2.3 82.8 2.4 88.1 1.4 85.2 1.0 
7 84.2 2.2 81.6 2.3 88.4 1.1 91.2 1.1 
8 85.7 2.2 85.9 2.5 93.6 1.2 96.7 1.2 
9 83.4 2.3 85.9 2.3 90.2 1.4 92.2 1.2 
10 82.5 2.6 85.2 2.3 89.3 1.2 92.1 1.1 
11 82.7 2.4 84.8 2.3 85.2 1.3 92.7 1.1 
12 83.1 2.2 84.7 2.3 92.2 1.1 87.9 1.1 
13 86.4 2.4 88.2 2.2 87.8 1.4 88.5 1.1 
14 80.7 2.5 78.0 2.4 91.7 1.2 84.7 1.2 
15 80.7 2.5 85.0 2.2 87.4 1.2 90.3 1.2 
16 74.3 2.1 71.3 2.2 80.4 1.0 78.3 1.1 
17 75.3 2.2 70.5 2.3 74.3 1.2 72.5 1.4 
18 74.9 2.2 76.2 2.0 82.4 1.1 84.1 1.1 
19 75.0 2.1 73.5 2.3 72.3 1.1 69.9 1.0 
20 66.9 2.2 71.0 2.3 78.2 1.2 76.2 1.0 
21 69.9 2.2 75.5 2.2 80.8 1.2 77.0 1.1 
22 74.7 2.2 69.1 2.3 77.1 1.1 79.1 1.1 
23 68.6 2.3 71.2 2.1 79.7 1.1 77.6 1.1 
24 67.0 2.1 67.1 2.1 75.8 1.3 78.6 1.1 
25 67.9 2.1 70.6 2.3 80.6 1.1 83.2 1.1 
26 67.2 2.1 64.4 2.1 73.7 1.2 75.8 1.1 
27 70.6 2.3 68.8 2.1 79.1 1.2 77.5 1.1 
28 69.7 2.1 72.0 2.1 72.8 1.1 76.1 1.2 
29 70.7 2.2 74.8 2.2 74.5 1.4 80.2 1.1 
30 65.9 2.2 74.7 2.1 71.9 1.2 75.2 1.1 
31 67.4 2.1 67.2 2.3 78.5 1.2 77.4 1.1 
32 76.0 3.0 77.2 3.4 81.4 1.4 85.2 1.4 
33 77.1 3.0 74.2 2.8 84.1 1.4 78.3 1.6 
34 75.0 3.0 78.3 3.1 82.6 1.5 78.9 1.4 
35 81.8 2.8 77.0 2.8 84.3 1.3 82.0 1.2 
36 81.7 3.1 80.7 3.1 84.6 1.4 80.9 1.2 
37 79.1 2.5 79.1 2.8 79.0 1.3 80.2 1.2 
38 77.0 2.9 79.0 2.8 80.0 1.5 80.2 1.1 
39 76.0 2.5 77.0 2.9 84.7 1.2 86.7 1.2 
40 73.8 2.6 76.0 2.7 81.7 1.3 82.8 1.3 
41 74.5 2.7 74.1 2.9 87.7 1.2 82.6 1.5 
42 76.2 3.0 72.1 3.0 81.3 1.3 83.8 1.2 
43 75.4 2.7 73.0 2.7 75.9 1.5 78.8 1.2 
44 71.9 3.1 77.8 3.0 82.4 1.5 80.3 1.2 
45 70.6 2.7 73.2 2.7 80.0 1.3 74.6 1.5 
46 75.3 2.6 72.8 2.7 82.9 1.3 80.1 1.2 
47 72.7 2.7 68.2 3.0 86.3 1.2 84.7 1.4 
48 74.3 2.0 73.5 2.0 81.4 1.3 78.1 1.3 
49 74.3 2.0 71.3 2.2 83.0 1.4 85.5 1.4 
50 81.5 2.0 82.0 2.2 85.7 1.4 82.3 1.2 
51 80.3 2.1 76.4 2.4 80.0 1.1 88.0 1.1 
52 78.7 2.0 76.0 2.0 79.2 1.2 77.3 1.1 
53 78.2 2.1 79.3 2.4 81.5 1.2 84.2 1.1 
54 73.4 2.1 75.1 2.3 83.9 1.4 86.9 1.0 
55 78.6 2.3 83.4 2.2 80.4 1.2 83.3 1.1 
56 80.8 2.0 75.6 2.1 80.3 1.2 77.3 1.1 
57 81.1 2.2 76.6 2.2 83.5 1.1 82.3 1.1 
58 72.0 2.1 80.0 2.1 83.0 1.2 81.9 1.0 
59 75.5 2.2 71.6 2.2 82.2 1.2 86.9 1.1 
60 72.9 2.0 72.9 2.3 80.5 1.4 77.7 1.1 
61 74.7 2.2 78.2 2.2 79.5 1.2 77.8 1.1 
62 75.2 2.1 75.4 2.1 82.5 1.3 84.0 1.0 
63 79.1 2.4 82.5 2.4 81.8 1.4 82.7 1.1 
64 86.1 2.0 91.0 1.9 81.8 1.3 86.2 1.4 
65 85.6 1.9 80.1 2.0 81.8 1.3 84.1 1.1 
66 81.4 2.0 83.0 1.9 81.2 1.2 84.1 1.1 
67 77.5 2.0 83.5 2.0 87.7 1.2 85.1 1.1 
68 84.3 2.1 86.5 1.9 83.5 1.3 81.9 1.2 
69 80.4 2.0 80.6 2.1 84.1 1.4 87.2 1.1 
70 84.7 1.9 81.8 1.9 87.9 1.2 85.4 1.1 
71 82.6 2.0 82.2 2.0 78.1 1.4 84.7 1.4 
72 87.5 2.1 83.7 2.1 87.6 1.1 86.1 1.2 
73 85.1 2.0 77.9 2.0 86.5 1.3 84.7 1.0 
74 85.1 1.9 81.0 1.9 84.6 1.3 82.2 1.2 
75 78.2 2.2 87.2 2.1 84.8 1.3 88.2 1.1 
76 80.8 2.1 83.4 1.9 87.3 1.2 89.5 1.5 
77 80.8 2.0 83.2 1.9 82.3 1.4 87.6 1.1 
78 77.6 2.2 82.8 2.0 77.8 1.3 85.4 1.3 
79 89.7 2.0 89.3 1.9 82.1 1.3 83.5 1.2 
80 75.4 4.0 71.6 3.9 74.1 1.3 76.3 1.1 
81 75.6 2.3 74.9 2.3 79.7 1.1 84.1 1.1 
82 76.7 3.0 73.3 2.8 77.9 1.4 76.7 1.0 
83 77.7 2.2 78.5 2.0 73.3 1.2 78.4 1.5 
84 76.0 2.5 78.1 2.5 77.8 1.2 79.0 1.1 
85 77.4 2.0 76.4 1.9 78.2 1.3 80.5 1.0 
86 82.1 2.3 71.4 2.3 73.7 1.2 76.1 1.5 
87 75.4 1.9 74.4 1.9 73.8 1.2 76.1 1.1 
88 75.9 2.1 77.3 2.1 69.8 1.2 72.2 1.0 
89 73.7 2.0 73.8 2.0 77.8 1.2 77.2 1.1 
90 74.6 2.0 73.3 2.2 84.7 1.2 74.8 1.3 
91 72.7 2.0 67.2 2.2 78.9 1.2 76.3 1.4 
92 68.1 2.2 72.6 2.1 74.0 1.2 75.3 1.1 
93 71.8 2.0 66.7 2.1 76.8 1.3 76.9 1.1 
94 67.2 2.1 70.5 1.9 73.6 1.2 75.7 1.1 
95 75.0 2.1 70.9 2.0 76.9 1.3 73.3 1.1 
96 68.4 2.1 71.0 2.0 74.9 1.2 73.4 1.1 
97 65.8 1.9 71.6 2.0 76.8 1.4 73.4 1.1 
98 74.9 2.0 72.8 2.1 75.7 1.2 70.3 1.5 
99 77.4 2.2 76.2 1.9 74.7 1.2 72.2 1.2 
100 74.5 1.9 73.1 2.1 78.3 1.2 76.9 1.1 
101 76.9 1.9 74.4 2.1 77.0 1.3 76.4 1.0 
102 71.8 2.2 74.7 2.0 74.5 1.2 72.1 1.1 
103 69.9 1.9 72.2 1.9 74.2 1.2 76.3 1.4 
104 77.3 2.0 69.3 2.0 76.2 1.2 79.4 1.1 
105 76.7 2.2 73.1 2.0 68.4 1.1 74.5 1.3 
106 72.4 2.0 74.5 1.9 78.3 1.4 83.2 1.2 
107 68.3 1.9 69.7 2.1 77.6 1.4 69.1 1.2 
108 74.6 2.0 77.0 2.1 73.9 1.2 75.9 1.0 
109 72.7 1.9 73.7 2.2 75.2 1.2 72.9 1.1 
110 72.8 2.0 68.4 2.2 73.9 1.2 76.1 1.1 
111 78.3 2.0 74.6 2.0 78.3 1.2 76.1 1.1 
112 79.3 2.4 81.8 2.4 88.5 1.1 85.2 1.1 
113 82.2 2.3 84.3 2.2 86.4 1.1 84.5 1.3 
114 88.3 2.4 84.3 2.2 89.2 1.4 84.8 1.2 
115 80.4 2.3 81.0 2.5 92.2 1.1 91.6 1.1 
116 89.8 2.2 85.1 2.3 90.8 1.3 88.8 1.1 
117 85.7 2.2 85.4 2.2 85.6 1.2 87.6 1.1 
118 89.2 2.4 84.7 2.1 87.5 1.2 84.5 1.2 
119 86.9 2.2 81.5 2.2 83.3 1.3 83.4 1.2 
120 85.7 2.3 83.5 2.3 88.2 1.2 91.5 1.1 
121 79.3 2.2 74.6 2.2 92.5 1.1 89.5 1.1 
122 83.8 2.3 82.7 2.4 85.9 1.2 87.7 1.1 
123 78.8 2.3 79.2 2.4 84.1 1.2 88.8 1.2 
124 82.5 2.3 81.2 2.4 81.6 1.3 87.5 1.2 
125 75.3 2.2 79.8 2.3 78.3 1.4 84.3 1.3 
126 80.2 2.3 82.2 2.5 87.0 1.2 84.9 1.1 
127 80.9 2.4 80.2 2.3 86.3 1.4 81.2 1.1 
