Fine time information for HG/LG threshold at 520 DACu
Channel_nb fine_time_min fine_time_max 
0 36 953
1 41 943
2 36 946
3 37 948
4 39 965
5 34 957
6 32 945
7 6 952
8 41 946
9 39 945
10 40 950
11 46 937
12 37 936
13 40 955
14 38 944
15 44 988
16 37 935
17 41 928
18 36 944
19 33 945
20 31 931
21 37 941
22 38 945
23 42 984
24 37 937
25 45 937
26 36 930
27 49 946
28 44 930
29 28 924
30 40 928
31 39 929
32 29 925
33 35 941
34 30 934
35 48 954
36 36 937
37 34 932
38 36 939
39 31 997
40 34 930
41 42 945
42 38 940
43 30 935
44 43 956
45 29 926
46 27 932
47 36 939
48 9 922
49 29 923
50 17 923
51 6 913
52 19 911
53 13 914
54 6 916
55 20 908
56 9 915
57 11 918
58 11 924
59 29 918
60 29 923
61 13 905
62 15 923
63 32 932
64 9 999
65 5 999
66 7 999
67 7 998
68 6 999
69 6 999
70 8 993
71 6 996
72 6 999
73 5 999
74 7 998
75 17 999
76 11 999
77 6 998
78 8 999
79 6 999
80 8 998
81 6 999
82 12 996
83 13 999
84 11 999
85 5 996
86 8 995
87 11 999
88 7 999
89 7 998
90 8 998
91 9 999
92 7 999
93 5 999
94 5 999
95 5 997
96 6 999
97 5 999
98 15 999
99 5 999
100 5 999
101 9 999
102 6 998
103 7 999
104 6 999
105 5 998
106 7 993
107 10 996
108 7 999
109 11 999
110 8 999
111 6 998
112 7 999
113 8 999
114 10 999
115 8 999
116 15 999
117 8 999
118 8 999
119 14 999
120 8 999
121 5 999
122 9 999
123 7 999
124 15 997
125 15 999
126 6 998
127 5 998
